,Ёи╫╩й╠╪Д,Ёи╫╩╪ш,╪ш╦Я╠Д╤╞,Ёи╫╩а©ё╗йжё╘,Ёи╫╩╤Нё╗т╙ё╘,птжй
0,09:25:03,58.82,-0.17999999999999972,58,341332.46,бРел
1,09:30:00,59.44,0.6199999999999974,6,35474.0,бРел
2,09:30:03,58.8,-0.6400000000000006,93,548095.3999999999,бТел
3,09:30:06,58.9,0.10000000000000142,23,135548.00000000012,бТел
4,09:30:09,59.0,0.10000000000000142,13,76671.0,жпптел
5,09:30:12,58.9,-0.10000000000000142,15,88414.0,бТел
6,09:30:15,58.9,0.0,14,82387.0,жпптел
7,09:30:18,58.8,-0.10000000000000142,4,23550.0,бТел
8,09:30:21,58.82,0.020000000000003126,5,29406.0,бРел
9,09:30:27,58.75,-0.07000000000000028,9,58611.59999999986,бТел
10,09:30:30,58.8,0.04999999999999716,26,152709.0,бРел
11,09:30:33,58.66,-0.14000000000000057,34,199626.0,бТел
12,09:30:36,58.66,0.0,4,23473.0,бТел
13,09:30:39,58.66,0.0,25,146613.0,бРел
14,09:30:42,58.66,0.0,15,87950.0,бРел
15,09:30:45,58.67,0.010000000000005116,9,52785.0,бРел
16,09:30:48,58.66,-0.010000000000005116,3,17602.0,бТел
17,09:30:51,58.64,-0.01999999999999602,3,17592.0,бРел
18,09:30:54,58.64,0.0,58,340421.0,бТел
19,09:30:57,58.65,0.00999999999999801,7,41142.0,бТел
20,09:31:00,58.67,0.020000000000003126,3,17601.0,жпптел
21,09:31:03,58.64,-0.030000000000001137,32,187672.0,бТел
22,09:31:06,58.68,0.03999999999999915,5,29335.0,бТел
23,09:31:09,58.68,0.0,8,46938.0,бРел
24,09:31:12,58.62,-0.060000000000002274,33,193483.0,бТел
25,09:31:15,58.6,-0.01999999999999602,16,93769.0,бТел
26,09:31:21,58.53,-0.07000000000000028,31,181528.0,бТел
27,09:31:24,58.51,-0.020000000000003126,11,64374.0,бТел
28,09:31:27,58.54,0.030000000000001137,16,93587.0,бРел
29,09:31:30,58.46,-0.0799999999999983,39,228018.0,жпптел
30,09:31:33,58.45,-0.00999999999999801,48,280663.0,бТел
31,09:31:39,58.68,0.22999999999999687,9,52728.0,бРел
32,09:31:42,58.55,-0.13000000000000256,4,23420.0,бТел
33,09:31:45,58.49,-0.05999999999999517,12,70303.0,бТел
34,09:31:48,58.71,0.21999999999999886,1,5871.0,бРел
35,09:31:51,58.56,-0.14999999999999858,3,17583.0,бТел
36,09:31:54,58.57,0.00999999999999801,6,35158.0,жпптел
37,09:31:57,58.57,0.0,8,46877.0,бТел
38,09:32:00,58.61,0.03999999999999915,3,17594.0,жпптел
39,09:32:03,58.57,-0.03999999999999915,13,76181.0,бТел
40,09:32:06,58.67,0.10000000000000142,95,556335.0,бРел
41,09:32:09,58.62,-0.05000000000000426,3,17586.0,бТел
42,09:32:15,58.46,-0.1599999999999966,32,187358.0,бТел
43,09:32:18,58.46,0.0,63,368242.0,бРел
44,09:32:21,58.35,-0.10999999999999943,35,204472.0,бТел
45,09:32:24,58.16,-0.19000000000000483,27,157172.0,бТел
46,09:32:30,58.2,0.04000000000000625,3,17462.0,бТел
47,09:32:33,58.1,-0.10000000000000142,53,308222.0,бТел
48,09:32:36,58.2,0.10000000000000142,45,261470.0,бРел
49,09:32:39,58.18,-0.020000000000003126,20,116072.0,жпптел
50,09:32:42,58.1,-0.0799999999999983,6,34860.0,жпптел
51,09:32:45,58.09,-0.00999999999999801,7,40655.0,бРел
52,09:32:48,58.04,-0.05000000000000426,20,116203.0,бТел
53,09:32:51,58.03,-0.00999999999999801,20,116079.0,бТел
54,09:32:54,58.18,0.14999999999999858,22,127832.0,бРел
55,09:32:57,58.19,0.00999999999999801,5,29096.0,жпптел
56,09:33:00,58.18,-0.00999999999999801,6,34912.0,бТел
57,09:33:03,58.21,0.030000000000001137,41,238167.0,бРел
58,09:33:09,58.18,-0.030000000000001137,6,34908.0,жпптел
59,09:33:12,58.27,0.09000000000000341,3,17481.0,бРел
60,09:33:21,58.28,0.00999999999999801,21,122370.0,бРел
61,09:33:24,58.19,-0.09000000000000341,6,34920.0,бТел
62,09:33:27,58.28,0.09000000000000341,21,122351.0,бРел
63,09:33:30,58.29,0.00999999999999801,6,34945.0,бРел
64,09:33:33,58.19,-0.10000000000000142,8,46571.0,бТел
65,09:33:36,58.19,0.0,28,162893.0,бРел
66,09:33:39,58.19,0.0,12,73891.40000000037,бРел
67,09:33:42,58.2,0.010000000000005116,15,87238.0,бРел
68,09:33:48,58.19,-0.010000000000005116,1,5819.0,бТел
69,09:33:57,58.19,0.0,14,81490.0,бТел
70,09:34:00,58.19,0.0,3,17457.0,бТел
71,09:34:06,58.19,0.0,15,87291.0,бТел
72,09:34:09,58.19,0.0,9,52366.0,бРел
73,09:34:12,58.15,-0.03999999999999915,16,92991.0,бРел
74,09:34:15,58.1,-0.04999999999999716,49,284780.99999999907,бТел
75,09:34:18,58.08,-0.020000000000003126,38,220724.0,бТел
76,09:34:21,58.07,-0.00999999999999801,37,214879.0,бТел
77,09:34:24,58.09,0.020000000000003126,37,214925.0,бРел
78,09:34:27,58.09,0.0,6,34854.0,бТел
79,09:34:30,58.24,0.14999999999999858,43,249743.0,бРел
80,09:34:33,58.25,0.00999999999999801,30,174341.0,бРел
81,09:34:36,58.09,-0.1599999999999966,2,11623.0,жпптел
82,09:34:39,58.06,-0.030000000000001137,216,1254229.0,бТел
83,09:34:42,58.03,-0.030000000000001137,29,168323.0,бТел
84,09:34:45,58.03,0.0,11,63833.0,бРел
85,09:34:48,58.09,0.060000000000002274,1,5809.0,бТел
86,09:34:51,58.09,0.0,2,11618.0,бТел
87,09:34:54,58.06,-0.030000000000001137,15,87089.0,бТел
88,09:35:00,58.06,0.0,1,5806.0,бРел
89,09:35:03,58.06,0.0,18,104508.0,бРел
90,09:35:06,58.03,-0.030000000000001137,11,63861.0,бТел
91,09:35:09,57.99,-0.03999999999999915,201,1165454.0,бТел
92,09:35:12,58.06,0.07000000000000028,86,498648.0,бРел
93,09:35:15,58.06,0.0,4,23224.0,бТел
94,09:35:18,57.66,-0.4000000000000057,18,103943.0,бТел
95,09:35:21,57.83,0.1700000000000017,7,40612.0,жпптел
96,09:35:27,58.06,0.23000000000000398,6,34833.0,бРел
97,09:35:30,58.06,0.0,1,5806.0,бРел
98,09:35:33,57.8,-0.2600000000000051,21,121445.0,бТел
99,09:35:36,58.15,0.3500000000000014,16,92813.0,бРел
100,09:35:39,58.0,-0.14999999999999858,1,5800.0,жпптел
101,09:35:42,57.98,-0.020000000000003126,29,168189.0,бТел
102,09:35:45,57.99,0.010000000000005116,3,17395.0,жпптел
103,09:35:48,58.0,0.00999999999999801,2,11601.0,бТел
104,09:35:54,57.99,-0.00999999999999801,18,104385.0,бТел
105,09:35:57,57.99,0.0,11,63791.0,бТел
106,09:36:00,58.01,0.01999999999999602,8,46398.0,бРел
107,09:36:03,57.99,-0.01999999999999602,3,17397.0,жпптел
108,09:36:06,57.99,0.0,14,81186.0,бРел
109,09:36:09,58.17,0.17999999999999972,5,29017.0,бРел
110,09:36:12,58.0,-0.1700000000000017,11,63855.0,бТел
111,09:36:15,57.98,-0.020000000000003126,25,144980.0,бТел
112,09:36:18,58.0,0.020000000000003126,13,75398.0,бРел
113,09:36:21,58.0,0.0,30,174034.0,бТел
114,09:36:24,57.89,-0.10999999999999943,27,156650.0,бТел
115,09:36:27,57.88,-0.00999999999999801,11,63750.0,бТел
116,09:36:30,57.82,-0.060000000000002274,8,46271.0,бТел
117,09:36:33,58.16,0.3399999999999963,5,29016.0,бРел
118,09:36:36,57.88,-0.27999999999999403,15,87175.55000000075,бТел
119,09:36:39,58.02,0.14000000000000057,7,40619.0,жпптел
120,09:36:42,58.0,-0.020000000000003126,1,5800.0,бРел
121,09:36:45,58.0,0.0,8,46408.0,бТел
122,09:36:51,57.92,-0.0799999999999983,10,58011.0,бТел
123,09:36:54,57.92,0.0,17,98464.0,бРел
124,09:36:57,57.8,-0.12000000000000455,69,404597.44999999925,бТел
125,09:37:00,57.85,0.05000000000000426,134,774016.0,бРел
126,09:37:03,57.8,-0.05000000000000426,2,11560.0,бТел
127,09:37:06,57.8,0.0,6,34680.0,бТел
128,09:37:09,57.76,-0.03999999999999915,27,156049.0,бТел
129,09:37:12,57.76,0.0,47,271557.0,бТел
130,09:37:15,57.76,0.0,22,127076.0,бТел
131,09:37:18,57.76,0.0,4,23113.0,бТел
132,09:37:21,57.75,-0.00999999999999801,20,115566.0,бТел
133,09:37:30,57.85,0.10000000000000142,20,115690.0,бРел
134,09:37:33,57.8,-0.05000000000000426,19,109851.0,бТел
135,09:37:36,57.76,-0.03999999999999915,20,115589.0,бТел
136,09:37:39,57.83,0.07000000000000028,17,98246.0,бРел
137,09:37:48,57.8,-0.030000000000001137,1,5780.0,бРел
138,09:37:51,57.83,0.030000000000001137,1,5783.0,бРел
139,09:37:54,57.83,0.0,6,34698.0,бРел
140,09:37:57,57.84,0.010000000000005116,9,52050.0,бРел
141,09:38:00,57.85,0.00999999999999801,7,40661.550000000745,бРел
142,09:38:03,57.88,0.030000000000001137,1,5788.0,бРел
143,09:38:06,57.95,0.07000000000000028,6,34738.0,бРел
144,09:38:12,57.85,-0.10000000000000142,9,57679.449999999255,бТел
145,09:38:15,57.85,0.0,23,133036.0,бРел
146,09:38:18,57.91,0.05999999999999517,24,139031.55000000075,бРел
147,09:38:27,57.91,0.0,9,52093.0,бРел
148,09:38:30,57.81,-0.09999999999999432,20,121320.44999999925,бТел
149,09:38:33,57.94,0.12999999999999545,18,104179.58000000194,бРел
150,09:38:36,57.85,-0.0899999999999963,4,23311.519999999553,бРел
151,09:38:39,57.95,0.10000000000000142,14,81124.0,бРел
152,09:38:51,57.9,-0.05000000000000426,32,185324.0,бТел
153,09:38:54,57.9,0.0,26,150540.0,бТел
154,09:38:57,58.0,0.10000000000000142,9,52172.0,бРел
155,09:39:00,58.03,0.030000000000001137,13,75377.0,бРел
156,09:39:03,57.92,-0.10999999999999943,17,98634.0,бТел
157,09:39:09,57.91,-0.010000000000005116,7,40595.0,бТел
158,09:39:12,57.92,0.010000000000005116,4,23168.0,бТел
159,09:39:18,57.92,0.0,10,57935.0,бТел
160,09:39:21,57.96,0.03999999999999915,2,11592.0,жпптел
161,09:39:24,57.94,-0.020000000000003126,4,23178.0,бТел
162,09:39:27,57.94,0.0,10,57931.0,бРел
163,09:39:30,57.92,-0.01999999999999602,5,28960.0,бТел
164,09:39:33,57.92,0.0,7,40547.0,бТел
165,09:39:39,57.91,-0.010000000000005116,14,81081.0,бТел
166,09:39:42,57.9,-0.00999999999999801,23,133155.0,бТел
167,09:39:45,57.87,-0.030000000000001137,1,5787.0,бТел
168,09:39:48,57.86,-0.00999999999999801,7,46113.390000000596,бТел
169,09:39:51,57.83,-0.030000000000001137,1,5783.0,бТел
170,09:39:54,57.87,0.03999999999999915,54,312163.0,бРел
171,09:39:57,57.84,-0.02999999999999403,1,5784.0,жпптел
172,09:40:00,57.87,0.02999999999999403,3,17361.0,бРел
173,09:40:03,57.83,-0.03999999999999915,10,57838.0,бТел
174,09:40:12,57.83,0.0,26,150358.0,бТел
175,09:40:15,57.87,0.03999999999999915,1,5787.0,бРел
176,09:40:18,57.87,0.0,1,5787.0,бРел
177,09:40:21,57.87,0.0,10,57860.0,бРел
178,09:40:24,57.87,0.0,4,23148.0,бРел
179,09:40:27,57.86,-0.00999999999999801,4,23144.0,бТел
180,09:40:33,57.88,0.020000000000003126,3,17363.0,жпптел
181,09:40:39,57.88,0.0,9,52078.0,бРел
182,09:40:42,57.8,-0.0800000000000054,57,329672.0,бТел
183,09:40:48,57.78,-0.01999999999999602,29,167562.0,бТел
184,09:40:51,57.78,0.0,17,98225.0,бРел
185,09:40:54,57.77,-0.00999999999999801,11,63564.0,бТел
186,09:40:57,57.77,0.0,37,213729.0,бТел
187,09:41:03,57.77,0.0,35,202230.0,бТел
188,09:41:09,57.82,0.04999999999999716,32,184936.0,бРел
189,09:41:12,57.82,0.0,5,28910.0,бТел
190,09:41:15,57.82,0.0,12,69384.0,бТел
191,09:41:18,57.84,0.020000000000003126,1,5784.0,бРел
192,09:41:21,57.84,0.0,2,11568.0,бРел
193,09:41:24,57.85,0.00999999999999801,12,69409.0,бРел
194,09:41:27,57.85,0.0,1,5785.0,бТел
195,09:41:30,57.82,-0.030000000000001137,19,109864.0,бТел
196,09:41:36,57.82,0.0,52,300910.0,бТел
197,09:41:39,57.92,0.10000000000000142,1,5792.0,бРел
198,09:41:42,57.92,0.0,6,34736.0,бРел
199,09:41:45,57.92,0.0,10,57920.0,бРел
200,09:41:51,57.83,-0.09000000000000341,21,121500.0,бТел
201,09:41:54,57.84,0.010000000000005116,26,150365.0,бРел
202,09:41:57,57.84,0.0,53,306552.0,бРел
203,09:42:00,57.95,0.10999999999999943,1,5795.0,бРел
204,09:42:03,57.95,0.0,4,23153.0,бРел
205,09:42:09,57.95,0.0,2,11590.0,бРел
206,09:42:12,58.03,0.0799999999999983,32,185448.0,бРел
207,09:42:15,57.96,-0.07000000000000028,30,174013.0,бТел
208,09:42:18,58.06,0.10000000000000142,4,23224.0,бРел
209,09:42:21,58.1,0.03999999999999915,6,34860.0,бРел
210,09:42:24,58.16,0.05999999999999517,2,11632.0,бРел
211,09:42:27,58.19,0.030000000000001137,10,58171.0,бРел
212,09:42:33,58.19,0.0,6,34914.0,бРел
213,09:42:36,58.28,0.09000000000000341,2,11656.0,бРел
214,09:42:39,58.28,0.0,8,46660.0,бТел
215,09:42:42,58.19,-0.09000000000000341,8,46615.0,бТел
216,09:42:45,58.18,-0.00999999999999801,4,23272.0,бТел
217,09:42:48,57.88,-0.29999999999999716,8,46360.0,бТел
218,09:42:51,58.0,0.11999999999999744,24,139151.0,бРел
219,09:42:54,57.87,-0.13000000000000256,8,46302.0,бТел
220,09:42:57,57.87,0.0,15,86831.0,бТел
221,09:43:00,57.86,-0.00999999999999801,9,52074.0,бТел
222,09:43:03,58.0,0.14000000000000057,1,5800.0,бРел
223,09:43:18,58.0,0.0,1,5800.0,бРел
224,09:43:27,58.0,0.0,1,5800.0,бРел
225,09:43:33,58.0,0.0,1,5800.0,бРел
226,09:43:36,57.89,-0.10999999999999943,26,150535.0,бТел
227,09:43:39,58.0,0.10999999999999943,2,11600.0,бРел
228,09:43:42,58.0,0.0,1,5800.0,бРел
229,09:43:45,58.0,0.0,6,34800.0,бРел
230,09:43:48,58.0,0.0,4,23200.0,бРел
231,09:43:54,57.92,-0.0799999999999983,29,168128.0,бТел
232,09:43:57,57.9,-0.020000000000003126,3,17370.0,бРел
233,09:44:03,57.9,0.0,26,150505.0,бРел
234,09:44:06,57.89,-0.00999999999999801,4,23157.0,жпптел
235,09:44:09,57.89,0.0,2,11579.0,бТел
236,09:44:12,57.9,0.00999999999999801,3,17370.0,бРел
237,09:44:15,58.1,0.20000000000000284,28,162251.0,бРел
238,09:44:18,57.85,-0.25,70,405515.0,бТел
239,09:44:24,57.84,-0.00999999999999801,3,17358.0,бТел
240,09:44:27,57.98,0.13999999999999346,1,5798.0,бРел
241,09:44:30,57.84,-0.13999999999999346,24,138903.0,бТел
242,09:44:33,58.02,0.17999999999999972,5,28936.0,жпптел
243,09:44:39,58.0,-0.020000000000003126,1,5800.0,жпптел
244,09:44:42,57.98,-0.020000000000003126,5,28990.0,бТел
245,09:44:45,57.95,-0.02999999999999403,3,17385.0,бТел
246,09:44:51,57.98,0.02999999999999403,2,11593.0,жпптел
247,09:44:54,57.92,-0.05999999999999517,14,81156.0,бТел
248,09:44:57,57.85,-0.07000000000000028,3,17355.0,бТел
249,09:45:00,57.87,0.01999999999999602,4,23148.0,бРел
250,09:45:03,57.85,-0.01999999999999602,3,17357.0,бТел
251,09:45:09,57.87,0.01999999999999602,1,5787.0,бРел
252,09:45:12,57.86,-0.00999999999999801,3,17358.0,бТел
253,09:45:15,57.87,0.00999999999999801,3,17361.0,бРел
254,09:45:21,57.87,0.0,4,23148.0,бРел
255,09:45:24,57.87,0.0,2,11574.0,жпптел
256,09:45:27,57.87,0.0,2,11574.0,бТел
257,09:45:30,57.87,0.0,10,57870.0,бТел
258,09:45:36,57.86,-0.00999999999999801,17,98363.0,бТел
259,09:45:39,57.85,-0.00999999999999801,58,335534.0,бТел
260,09:45:42,57.82,-0.030000000000001137,15,86741.0,бТел
261,09:45:45,57.8,-0.020000000000003126,10,57807.0,бТел
262,09:45:48,57.8,0.0,7,40461.0,бТел
263,09:45:51,57.78,-0.01999999999999602,17,98235.0,бТел
264,09:45:57,57.8,0.01999999999999602,1,5780.0,бРел
265,09:46:00,57.78,-0.01999999999999602,7,40448.0,бТел
266,09:46:03,57.78,0.0,2,11556.0,бТел
267,09:46:06,57.8,0.01999999999999602,8,46240.0,бРел
268,09:46:09,57.78,-0.01999999999999602,14,80912.0,бТел
269,09:46:15,57.76,-0.020000000000003126,30,173288.0,бТел
270,09:46:18,57.76,0.0,10,57760.0,бТел
271,09:46:21,57.77,0.010000000000005116,29,167533.0,бТел
272,09:46:24,57.77,0.0,23,132870.0,бРел
273,09:46:27,57.8,0.02999999999999403,6,34675.0,бРел
274,09:46:33,57.8,0.0,1,5780.0,бРел
275,09:46:36,57.8,0.0,22,127160.0,бРел
276,09:46:42,57.8,0.0,11,63586.0,бТел
277,09:46:45,57.85,0.05000000000000426,8,46265.0,бРел
278,09:46:48,57.85,0.0,9,52065.0,бРел
279,09:46:51,57.84,-0.00999999999999801,10,57849.0,жпптел
280,09:46:54,57.85,0.00999999999999801,40,231362.0,бРел
281,09:46:57,57.87,0.01999999999999602,51,295135.0,бРел
282,09:47:00,57.87,0.0,17,98379.0,бРел
283,09:47:03,57.91,0.03999999999999915,6,34766.0,бТел
284,09:47:06,57.91,0.0,2,11582.0,бТел
285,09:47:21,58.0,0.09000000000000341,1,5800.0,бРел
286,09:47:27,58.0,0.0,3,17397.0,бРел
287,09:47:33,57.91,-0.09000000000000341,11,63709.0,бТел
288,09:47:36,57.87,-0.03999999999999915,10,57874.0,бТел
289,09:47:45,57.87,0.0,1,5787.0,бТел
290,09:47:48,57.89,0.020000000000003126,7,40523.0,бРел
291,09:47:51,57.9,0.00999999999999801,1,5790.0,бТел
292,09:48:03,57.91,0.00999999999999801,7,40537.0,бРел
293,09:48:09,57.91,0.0,9,52116.0,бРел
294,09:48:12,57.91,0.0,10,57905.0,бРел
295,09:48:15,57.88,-0.02999999999999403,6,34733.0,бТел
296,09:48:18,57.91,0.02999999999999403,40,231589.0,бРел
297,09:48:24,57.87,-0.03999999999999915,4,23148.0,бТел
298,09:48:27,57.94,0.07000000000000028,3,17379.0,бРел
299,09:48:39,57.9,-0.03999999999999915,35,202655.0,бТел
300,09:48:45,57.85,-0.04999999999999716,15,86796.0,бТел
301,09:48:48,57.9,0.04999999999999716,5,28930.0,бРел
302,09:48:51,57.9,0.0,6,34736.0,бРел
303,09:48:54,57.85,-0.04999999999999716,7,40505.0,бТел
304,09:48:57,57.81,-0.03999999999999915,9,52031.0,бТел
305,09:49:03,57.81,0.0,6,34686.0,бТел
306,09:49:09,57.8,-0.010000000000005116,37,213866.0,бТел
307,09:49:12,57.77,-0.02999999999999403,31,179165.0,бТел
308,09:49:18,57.76,-0.010000000000005116,25,144455.0,бТел
309,09:49:21,57.77,0.010000000000005116,62,358145.0,бРел
310,09:49:24,57.77,0.0,8,46214.0,бРел
311,09:49:27,57.73,-0.04000000000000625,42,242571.0,бТел
312,09:49:30,57.77,0.04000000000000625,20,115471.0,бРел
313,09:49:33,57.7,-0.07000000000000028,55,317380.0,бТел
314,09:49:36,57.7,0.0,4,23080.0,бРел
315,09:49:39,57.75,0.04999999999999716,1,5775.0,бРел
316,09:49:42,57.73,-0.020000000000003126,3,17320.0,бТел
317,09:49:45,57.73,0.0,7,40421.0,бТел
318,09:49:48,57.73,0.0,6,34641.0,бТел
319,09:49:51,57.76,0.030000000000001137,2,11551.0,бРел
320,09:49:54,57.73,-0.030000000000001137,5,28865.0,бТел
321,09:49:57,57.68,-0.04999999999999716,23,132693.0,бТел
322,09:50:03,57.68,0.0,16,92292.0,бТел
323,09:50:06,57.7,0.020000000000003126,2,11543.0,бТел
324,09:50:09,57.73,0.02999999999999403,1,5773.0,бРел
325,09:50:12,57.73,0.0,10,57730.0,бРел
326,09:50:15,57.7,-0.02999999999999403,26,149992.0,бТел
327,09:50:18,57.7,0.0,1,5770.0,бРел
328,09:50:21,57.7,0.0,10,57700.0,бРел
329,09:50:24,57.7,0.0,7,40390.0,бТел
330,09:50:27,57.7,0.0,7,40399.0,бТел
331,09:50:30,57.73,0.02999999999999403,17,98141.0,бРел
332,09:50:42,57.76,0.030000000000001137,5,28880.0,бРел
333,09:50:45,57.76,0.0,3,17328.0,бРел
334,09:50:48,57.79,0.030000000000001137,26,150147.0,бРел
335,09:50:54,57.71,-0.0799999999999983,9,51960.0,бТел
336,09:51:03,57.7,-0.00999999999999801,25,144273.0,бТел
337,09:51:06,57.73,0.02999999999999403,3,17319.0,бТел
338,09:51:09,57.76,0.030000000000001137,4,23101.0,бРел
339,09:51:21,57.76,0.0,25,144343.0,бРел
340,09:51:24,57.7,-0.05999999999999517,27,155806.0,бТел
341,09:51:30,57.77,0.07000000000000028,15,86632.0,бРел
342,09:51:33,57.71,-0.060000000000002274,6,34640.0,бТел
343,09:51:39,57.71,0.0,25,144265.0,бРел
344,09:51:42,57.72,0.00999999999999801,9,51948.0,бТел
345,09:51:48,57.71,-0.00999999999999801,11,63492.0,бТел
346,09:51:54,57.7,-0.00999999999999801,20,115413.0,бТел
347,09:52:06,57.79,0.0899999999999963,8,46168.0,бРел
348,09:52:09,57.79,0.0,4,23116.0,бРел
349,09:52:12,57.69,-0.10000000000000142,13,74999.0,бТел
350,09:52:15,57.68,-0.00999999999999801,7,40381.0,бТел
351,09:52:18,57.69,0.00999999999999801,3,17307.0,бРел
352,09:52:21,57.68,-0.00999999999999801,4,23072.0,бТел
353,09:52:24,57.69,0.00999999999999801,10,57690.0,бРел
354,09:52:27,57.69,0.0,10,57682.0,бРел
355,09:52:30,57.69,0.0,2,11538.0,бРел
356,09:52:33,57.7,0.010000000000005116,21,121135.0,бРел
357,09:52:42,57.69,-0.010000000000005116,18,103840.0,бТел
358,09:52:45,57.69,0.0,3,17309.0,жпптел
359,09:52:51,57.7,0.010000000000005116,5,28845.0,бРел
360,09:52:54,57.7,0.0,1,5770.0,бРел
361,09:52:57,57.69,-0.010000000000005116,25,144206.0,бТел
362,09:53:00,57.68,-0.00999999999999801,36,207649.0,бТел
363,09:53:03,57.68,0.0,10,57672.0,бРел
364,09:53:06,57.67,-0.00999999999999801,2,11534.0,бТел
365,09:53:12,57.66,-0.010000000000005116,1,5766.0,бТел
366,09:53:15,57.66,0.0,25,144150.0,бТел
367,09:53:18,57.65,-0.00999999999999801,13,74947.0,бТел
368,09:53:21,57.65,0.0,5,28828.0,бТел
369,09:53:27,57.62,-0.030000000000001137,4,23048.0,бТел
370,09:53:30,57.62,0.0,3,17286.0,бТел
371,09:53:33,57.61,-0.00999999999999801,26,149792.0,бТел
372,09:53:36,57.61,0.0,2,11522.0,бРел
373,09:53:39,57.6,-0.00999999999999801,12,69121.0,бТел
374,09:53:42,57.61,0.00999999999999801,9,51843.0,бРел
375,09:53:48,57.61,0.0,2,11522.0,бРел
376,09:53:51,57.62,0.00999999999999801,8,46089.0,бРел
377,09:53:54,57.6,-0.01999999999999602,14,80650.0,бТел
378,09:53:57,57.6,0.0,12,69086.0,бРел
379,09:54:00,57.5,-0.10000000000000142,62,356535.0,бТел
380,09:54:03,57.5,0.0,8,45992.0,бРел
381,09:54:06,57.5,0.0,1,5750.0,бРел
382,09:54:12,57.41,-0.09000000000000341,15,86129.0,бТел
383,09:54:15,57.4,-0.00999999999999801,23,132020.0,бТел
384,09:54:18,57.41,0.00999999999999801,18,103321.0,бРел
385,09:54:21,57.36,-0.04999999999999716,10,57379.0,бТел
386,09:54:27,57.36,0.0,4,22948.0,бТел
387,09:54:30,57.31,-0.04999999999999716,15,85993.0,бТел
388,09:54:33,57.4,0.0899999999999963,13,74510.0,бРел
389,09:54:36,57.3,-0.10000000000000142,16,91740.0,бТел
390,09:54:42,57.3,0.0,5,28651.0,бТел
391,09:54:45,57.15,-0.14999999999999858,23,131519.0,бТел
392,09:54:48,57.3,0.14999999999999858,7,40110.0,бРел
393,09:54:51,57.33,0.030000000000001137,8,45830.0,жпптел
394,09:54:54,57.16,-0.1700000000000017,20,114444.0,бТел
395,09:54:57,57.3,0.14000000000000057,8,45840.0,жпптел
396,09:55:00,57.23,-0.07000000000000028,2,11445.0,жпптел
397,09:55:03,57.3,0.07000000000000028,1,5730.0,бРел
398,09:55:06,57.29,-0.00999999999999801,79,452242.0,жпптел
399,09:55:09,57.3,0.00999999999999801,29,166214.0,бТел
400,09:55:12,57.33,0.030000000000001137,11,63063.0,бРел
401,09:55:15,57.31,-0.01999999999999602,13,74503.0,бРел
402,09:55:18,57.33,0.01999999999999602,15,85993.0,жпптел
403,09:55:21,57.3,-0.030000000000001137,6,34386.0,бТел
404,09:55:24,57.33,0.030000000000001137,2,11466.0,бРел
405,09:55:27,57.31,-0.01999999999999602,11,63060.0,бТел
406,09:55:30,57.36,0.04999999999999716,1,5736.0,бРел
407,09:55:33,57.35,-0.00999999999999801,9,51622.0,бТел
408,09:55:39,57.35,0.0,5,28675.0,бРел
409,09:55:42,57.39,0.03999999999999915,31,177817.0,бРел
410,09:55:45,57.34,-0.04999999999999716,9,51630.0,бТел
411,09:55:48,57.33,-0.010000000000005116,15,86003.0,бТел
412,09:55:51,57.4,0.07000000000000028,2,11480.0,бРел
413,09:55:54,57.4,0.0,5,28700.0,бРел
414,09:56:00,57.48,0.0799999999999983,5,28740.0,бРел
415,09:56:03,57.47,-0.00999999999999801,2,11494.0,жпптел
416,09:56:06,57.38,-0.0899999999999963,21,120544.0,бТел
417,09:56:09,57.4,0.01999999999999602,2,11480.0,бРел
418,09:56:12,57.36,-0.03999999999999915,10,57364.0,бТел
419,09:56:15,57.36,0.0,22,126192.0,бТел
420,09:56:18,57.38,0.020000000000003126,14,80324.0,жпптел
421,09:56:24,57.4,0.01999999999999602,6,34432.0,бРел
422,09:56:27,57.37,-0.030000000000001137,23,131979.0,бТел
423,09:56:30,57.37,0.0,4,22948.0,бТел
424,09:56:33,57.38,0.010000000000005116,19,109012.0,бРел
425,09:56:39,57.38,0.0,2,11476.0,бРел
426,09:56:42,57.37,-0.010000000000005116,21,120438.0,бРел
427,09:56:45,57.35,-0.01999999999999602,27,154847.0,бТел
428,09:56:48,57.35,0.0,21,120408.0,бТел
429,09:56:51,57.31,-0.03999999999999915,28,160468.0,бТел
430,09:56:54,57.3,-0.010000000000005116,32,183361.0,бТел
431,09:56:57,57.21,-0.0899999999999963,11,62952.0,бТел
432,09:57:00,57.23,0.01999999999999602,1,5723.0,жпптел
433,09:57:03,57.23,0.0,27,154446.0,бРел
434,09:57:09,57.23,0.0,10,57198.0,бРел
435,09:57:15,57.23,0.0,3,17169.0,бРел
436,09:57:18,57.3,0.07000000000000028,7,40068.0,бРел
437,09:57:21,57.3,0.0,3,17183.0,бРел
438,09:57:24,57.26,-0.03999999999999915,4,22904.0,жпптел
439,09:57:27,57.23,-0.030000000000001137,24,137432.0,бТел
440,09:57:36,57.23,0.0,5,28626.0,бТел
441,09:57:39,57.2,-0.02999999999999403,16,91513.0,бТел
442,09:57:42,57.23,0.02999999999999403,24,137338.0,бРел
443,09:57:45,57.23,0.0,2,11446.0,бРел
444,09:57:48,57.21,-0.01999999999999602,13,74387.0,бТел
445,09:57:51,57.22,0.00999999999999801,3,17166.0,бТел
446,09:57:54,57.25,0.030000000000001137,4,22899.0,бРел
447,09:57:57,57.21,-0.03999999999999915,15,85859.0,бТел
448,09:58:00,57.18,-0.030000000000001137,27,154425.0,бТел
449,09:58:03,57.21,0.030000000000001137,17,97218.0,бРел
450,09:58:06,57.18,-0.030000000000001137,10,57190.0,бТел
451,09:58:09,57.2,0.020000000000003126,16,91486.0,бТел
452,09:58:12,57.17,-0.030000000000001137,28,160097.0,бТел
453,09:58:15,57.22,0.04999999999999716,36,205808.0,бРел
454,09:58:18,57.18,-0.03999999999999915,4,22878.0,бТел
455,09:58:21,57.18,0.0,56,320005.0,бТел
456,09:58:24,57.21,0.030000000000001137,43,245536.0,бРел
457,09:58:30,57.2,-0.00999999999999801,6,34320.0,бТел
458,09:58:33,57.02,-0.17999999999999972,29,165485.0,бТел
459,09:58:36,57.18,0.1599999999999966,1,5718.0,бРел
460,09:58:39,57.12,-0.060000000000002274,10,57129.0,бТел
461,09:58:45,57.12,0.0,1,5712.0,бТел
462,09:58:48,57.12,0.0,2,11424.0,жпптел
463,09:58:51,57.08,-0.03999999999999915,6,34248.0,бТел
464,09:58:54,57.05,-0.030000000000001137,55,313632.0,бТел
465,09:59:03,57.05,0.0,17,96975.0,бРел
466,09:59:06,57.08,0.030000000000001137,20,114090.0,бРел
467,09:59:09,57.08,0.0,2,11418.0,бТел
468,09:59:12,57.05,-0.030000000000001137,9,51345.0,бТел
469,09:59:15,57.05,0.0,2,11410.0,бТел
470,09:59:18,57.17,0.12000000000000455,8,45716.0,бРел
471,09:59:27,57.2,0.030000000000001137,48,274548.0,бРел
472,09:59:30,57.12,-0.0800000000000054,8,45691.0,бТел
473,09:59:33,57.1,-0.01999999999999602,15,85650.0,бТел
474,09:59:36,57.04,-0.060000000000002274,30,171172.0,бТел
475,09:59:39,57.07,0.030000000000001137,33,188331.0,бРел
476,09:59:42,57.02,-0.04999999999999716,32,182521.0,бТел
477,09:59:45,57.07,0.04999999999999716,14,79874.0,жпптел
478,09:59:51,57.1,0.030000000000001137,5,28549.0,бРел
479,09:59:57,57.07,-0.030000000000001137,8,45656.0,бРел
480,10:00:03,57.06,-0.00999999999999801,4,22829.0,жпптел
481,10:00:06,57.06,0.0,1,5706.0,бРел
482,10:00:09,57.06,0.0,11,62746.0,бРел
483,10:00:12,57.02,-0.03999999999999915,58,330733.0,бТел
484,10:00:15,57.03,0.00999999999999801,2,11406.0,бРел
485,10:00:18,57.01,-0.020000000000003126,21,119746.0,бТел
486,10:00:24,57.06,0.05000000000000426,5,28530.0,бРел
487,10:00:27,57.01,-0.05000000000000426,55,313626.0,бТел
488,10:00:30,57.01,0.0,5,28505.0,бТел
489,10:00:33,57.06,0.05000000000000426,16,91290.0,бРел
490,10:00:36,57.02,-0.03999999999999915,5,28512.0,бТел
491,10:00:39,57.01,-0.010000000000005116,14,79846.0,бТел
492,10:00:48,57.03,0.020000000000003126,2,11406.0,бТел
493,10:00:51,57.02,-0.00999999999999801,11,62736.0,бТел
494,10:00:54,57.06,0.03999999999999915,63,359478.0,бРел
495,10:00:57,57.06,0.0,18,102708.0,бТел
496,10:01:00,57.02,-0.03999999999999915,17,96995.0,бТел
497,10:01:03,57.0,-0.020000000000003126,319,1818586.0,бТел
498,10:01:06,57.0,0.0,31,176700.0,бРел
499,10:01:09,56.94,-0.060000000000002274,42,239266.0,бТел
500,10:01:12,57.02,0.0800000000000054,1,5702.0,бТел
501,10:01:15,57.08,0.05999999999999517,1,5708.0,бРел
502,10:01:18,57.05,-0.030000000000001137,4,22820.0,бРел
503,10:01:24,57.0,-0.04999999999999716,14,79882.0,бТел
504,10:01:27,57.08,0.0799999999999983,1,5708.0,бРел
505,10:01:30,57.1,0.020000000000003126,46,262509.0,бРел
506,10:01:33,57.0,-0.10000000000000142,26,148286.0,бТел
507,10:01:36,57.0,0.0,22,125400.0,бРел
508,10:01:39,57.0,0.0,7,39920.0,бРел
509,10:01:42,57.1,0.10000000000000142,6,34260.0,бРел
510,10:01:45,57.02,-0.0799999999999983,22,125432.0,бТел
511,10:01:48,56.99,-0.030000000000001137,9,51305.0,бТел
512,10:01:51,57.05,0.05999999999999517,5,28525.0,бРел
513,10:01:54,57.05,0.0,27,154030.0,бРел
514,10:01:57,57.0,-0.04999999999999716,14,79819.0,бТел
515,10:02:00,56.99,-0.00999999999999801,8,45599.0,бТел
516,10:02:06,57.03,0.03999999999999915,8,45624.0,бРел
517,10:02:09,57.03,0.0,1,5703.0,бРел
518,10:02:12,57.03,0.0,13,74139.0,бРел
519,10:02:18,57.01,-0.020000000000003126,17,96932.0,бТел
520,10:02:21,57.04,0.030000000000001137,13,74120.0,бРел
521,10:02:24,57.04,0.0,8,45632.0,бРел
522,10:02:27,57.06,0.020000000000003126,19,108414.0,бРел
523,10:02:33,57.06,0.0,1,5706.0,бРел
524,10:02:36,57.06,0.0,13,74178.0,бРел
525,10:02:39,57.08,0.01999999999999602,1,5708.0,бРел
526,10:02:42,57.08,0.0,1,5708.0,бРел
527,10:02:45,57.08,0.0,4,22832.0,бРел
528,10:02:51,57.13,0.05000000000000426,12,68534.0,бРел
529,10:02:54,57.08,-0.05000000000000426,14,79919.0,бТел
530,10:02:57,57.13,0.05000000000000426,5,28565.0,бРел
531,10:03:00,57.09,-0.03999999999999915,2,11418.0,бРел
532,10:03:03,57.09,0.0,10,57090.0,бРел
533,10:03:06,57.13,0.03999999999999915,6,34270.0,бРел
534,10:03:15,57.13,0.0,2,11426.0,бРел
535,10:03:18,57.13,0.0,11,62807.0,бРел
536,10:03:21,57.13,0.0,4,22852.0,бРел
537,10:03:24,57.12,-0.010000000000005116,12,68555.0,бТел
538,10:03:33,57.08,-0.03999999999999915,22,125588.0,бТел
539,10:03:36,57.08,0.0,1,5708.0,бРел
540,10:03:39,57.08,0.0,2,11416.0,бРел
541,10:03:42,57.08,0.0,15,85616.0,бРел
542,10:03:48,57.1,0.020000000000003126,2,11423.0,бТел
543,10:03:51,57.1,0.0,9,51390.0,бТел
544,10:03:54,57.13,0.030000000000001137,13,74233.0,бРел
545,10:04:00,57.13,0.0,2,11423.0,бРел
546,10:04:06,57.16,0.02999999999999403,5,28548.0,бРел
547,10:04:12,57.01,-0.14999999999999858,209,1192724.0,бТел
548,10:04:15,57.09,0.0800000000000054,1,5709.0,бТел
549,10:04:18,57.0,-0.09000000000000341,15,85617.0,бТел
550,10:04:21,57.13,0.13000000000000256,2,11424.0,жпптел
551,10:04:27,57.0,-0.13000000000000256,15,85595.0,бТел
552,10:04:30,57.14,0.14000000000000057,49,279484.0,бРел
553,10:04:33,57.1,-0.03999999999999915,49,279285.0,жпптел
554,10:04:42,57.03,-0.07000000000000028,2,11413.0,жпптел
555,10:04:45,57.03,0.0,6,34218.0,бТел
556,10:04:54,57.03,0.0,18,102704.0,бТел
557,10:04:57,57.03,0.0,1,5703.0,бРел
558,10:05:00,57.03,0.0,3,17109.0,бРел
559,10:05:03,57.03,0.0,5,28515.0,бРел
560,10:05:09,57.12,0.0899999999999963,13,74201.0,бРел
561,10:05:12,57.13,0.010000000000005116,2,11426.0,бРел
562,10:05:15,57.06,-0.07000000000000028,2,11419.0,бТел
563,10:05:21,57.14,0.0799999999999983,93,531402.0,бРел
564,10:05:24,57.15,0.00999999999999801,2,11430.0,бРел
565,10:05:27,57.14,-0.00999999999999801,6,34285.0,бТел
566,10:05:30,57.15,0.00999999999999801,1,5715.0,бРел
567,10:05:33,57.15,0.0,5,28575.0,бРел
568,10:05:36,57.17,0.020000000000003126,46,262792.0,бРел
569,10:05:39,57.03,-0.14000000000000057,18,102697.0,бТел
570,10:05:45,57.14,0.10999999999999943,6,34286.0,бТел
571,10:05:51,57.14,0.0,1,5714.0,бРел
572,10:06:00,57.1,-0.03999999999999915,1,5710.0,бРел
573,10:06:06,57.14,0.03999999999999915,25,142774.0,бРел
574,10:06:09,57.14,0.0,5,28570.0,бРел
575,10:06:12,57.09,-0.04999999999999716,12,68517.0,бТел
576,10:06:15,57.09,0.0,20,114190.0,бТел
577,10:06:18,57.16,0.06999999999999318,8,45679.0,бРел
578,10:06:24,57.12,-0.03999999999999915,4,22848.0,бТел
579,10:06:27,57.16,0.03999999999999915,4,22864.0,бРел
580,10:06:33,57.16,0.0,7,40005.0,бРел
581,10:06:36,57.09,-0.06999999999999318,12,68529.0,бТел
582,10:06:48,57.11,0.01999999999999602,1,5711.0,бТел
583,10:06:54,57.16,0.04999999999999716,26,148511.0,бРел
584,10:06:57,57.08,-0.0799999999999983,10,57089.0,бТел
585,10:07:06,57.12,0.03999999999999915,1,5712.0,бРел
586,10:07:12,57.13,0.010000000000005116,4,22852.0,бТел
587,10:07:18,57.15,0.01999999999999602,12,68590.0,жпптел
588,10:07:21,57.1,-0.04999999999999716,8,45695.0,бТел
589,10:07:24,57.13,0.030000000000001137,4,22858.0,бТел
590,10:07:27,57.15,0.01999999999999602,1,5715.0,бРел
591,10:07:33,57.09,-0.05999999999999517,26,148455.0,бТел
592,10:07:36,57.08,-0.010000000000005116,12,68500.0,бТел
593,10:07:45,57.09,0.010000000000005116,1,5709.0,бРел
594,10:07:48,57.0,-0.09000000000000341,223,1271595.0,бТел
595,10:07:51,57.0,0.0,1,5700.0,бРел
596,10:07:57,56.96,-0.03999999999999915,18,102529.0,бТел
597,10:08:03,56.96,0.0,9,51268.0,бТел
598,10:08:06,56.93,-0.030000000000001137,100,569475.0,бТел
599,10:08:09,56.92,-0.00999999999999801,4,22771.0,бТел
600,10:08:12,56.91,-0.010000000000005116,7,39839.0,бТел
601,10:08:15,56.93,0.020000000000003126,32,182110.0,бРел
602,10:08:21,56.91,-0.020000000000003126,1,5691.0,бРел
603,10:08:24,56.9,-0.00999999999999801,25,142261.0,бТел
604,10:08:27,56.85,-0.04999999999999716,39,221815.0,бТел
605,10:08:30,56.88,0.030000000000001137,5,28440.0,жпптел
606,10:08:33,56.87,-0.010000000000005116,2,11374.0,жпптел
607,10:08:36,56.88,0.010000000000005116,1,5688.0,бРел
608,10:08:39,56.84,-0.03999999999999915,9,51163.0,бТел
609,10:08:42,56.82,-0.020000000000003126,3,17046.0,бТел
610,10:08:45,56.87,0.04999999999999716,11,62542.0,бРел
611,10:08:48,56.84,-0.02999999999999403,9,51143.0,бРел
612,10:08:51,56.84,0.0,2,11368.0,бРел
613,10:08:54,56.8,-0.04000000000000625,17,96574.0,бТел
614,10:09:00,56.75,-0.04999999999999716,33,187383.0,бТел
615,10:09:03,56.8,0.04999999999999716,3,17035.0,бРел
616,10:09:06,56.73,-0.07000000000000028,7,39711.0,бТел
617,10:09:09,56.77,0.04000000000000625,1,5677.0,жпптел
618,10:09:12,56.75,-0.020000000000003126,15,85187.0,бТел
619,10:09:15,56.75,0.0,58,329162.0,бТел
620,10:09:21,56.75,0.0,30,170314.0,бТел
621,10:09:24,56.75,0.0,3,17025.0,бРел
622,10:09:27,56.75,0.0,3,17025.0,бРел
623,10:09:30,56.75,0.0,13,73775.0,бРел
624,10:09:33,56.73,-0.020000000000003126,9,51062.0,бТел
625,10:09:36,56.73,0.0,58,328877.0,бРел
626,10:09:39,56.73,0.0,15,85095.0,бРел
627,10:09:42,56.73,0.0,1,5673.0,бРел
628,10:09:48,56.74,0.010000000000005116,13,73771.0,бТел
629,10:09:51,56.8,0.05999999999999517,3,17028.0,бРел
630,10:10:03,56.75,-0.04999999999999716,19,107858.0,бТел
631,10:10:06,56.8,0.04999999999999716,16,90880.0,бРел
632,10:10:09,56.82,0.020000000000003126,178,1011233.0,бРел
633,10:10:12,56.87,0.04999999999999716,4,22745.0,бРел
634,10:10:15,56.9,0.030000000000001137,24,136458.0,бРел
635,10:10:18,56.9,0.0,12,68280.0,бРел
636,10:10:21,56.81,-0.0899999999999963,68,386691.0,бТел
637,10:10:24,56.76,-0.05000000000000426,95,539494.0,бТел
638,10:10:27,56.93,0.1700000000000017,1,5693.0,жпптел
639,10:10:30,56.93,0.0,6,34158.0,бТел
640,10:10:33,56.86,-0.07000000000000028,22,125159.0,бТел
641,10:10:39,56.96,0.10000000000000142,1,5696.0,бРел
642,10:10:42,56.96,0.0,1,5696.0,бТел
643,10:10:48,56.81,-0.14999999999999858,20,113731.0,бТел
644,10:10:57,56.8,-0.010000000000005116,24,136333.0,бТел
645,10:11:00,56.81,0.010000000000005116,12,68157.0,бРел
646,10:11:03,56.92,0.10999999999999943,5,28450.0,бРел
647,10:11:06,56.82,-0.10000000000000142,2,11364.0,бТел
648,10:11:09,56.9,0.0799999999999983,5,28450.0,бРел
649,10:11:12,56.9,0.0,5,28450.0,бТел
650,10:11:18,56.85,-0.04999999999999716,10,56897.0,бТел
651,10:11:21,56.93,0.0799999999999983,10,56930.0,бРел
652,10:11:24,56.93,0.0,9,51235.0,бРел
653,10:11:27,56.93,0.0,15,85395.0,бРел
654,10:11:30,56.85,-0.0799999999999983,21,119522.0,бТел
655,10:11:33,56.82,-0.030000000000001137,8,45471.0,бТел
656,10:11:36,56.82,0.0,7,39774.0,бРел
657,10:11:39,56.82,0.0,21,119322.0,бРел
658,10:11:42,56.82,0.0,6,34092.0,бРел
659,10:11:48,56.8,-0.020000000000003126,31,176123.0,бТел
660,10:11:51,56.81,0.010000000000005116,25,142005.0,бТел
661,10:11:54,56.8,-0.010000000000005116,2,11360.0,бРел
662,10:12:00,56.9,0.10000000000000142,13,73895.0,бРел
663,10:12:03,56.9,0.0,1,5690.0,бТел
664,10:12:06,56.82,-0.0799999999999983,16,91024.0,бТел
665,10:12:09,56.8,-0.020000000000003126,13,73837.0,бТел
666,10:12:12,56.79,-0.00999999999999801,6,34074.0,бТел
667,10:12:15,56.78,-0.00999999999999801,7,39743.0,бТел
668,10:12:21,56.78,0.0,57,323504.0,бРел
669,10:12:24,56.76,-0.020000000000003126,10,56760.0,жпптел
670,10:12:27,56.77,0.010000000000005116,21,119195.0,бРел
671,10:12:30,56.72,-0.05000000000000426,24,136146.0,бТел
672,10:12:33,56.78,0.060000000000002274,12,68119.0,бРел
673,10:12:36,56.76,-0.020000000000003126,3,17024.0,жпптел
674,10:12:42,56.76,0.0,2,11352.0,бРел
675,10:12:45,56.73,-0.030000000000001137,7,39709.0,жпптел
676,10:12:48,56.76,0.030000000000001137,5,28377.0,бРел
677,10:12:51,56.76,0.0,28,158847.0,бРел
678,10:12:54,56.72,-0.03999999999999915,20,113440.0,бТел
679,10:12:57,56.72,0.0,2,11344.0,бРел
680,10:13:00,56.74,0.020000000000003126,2,11348.0,бРел
681,10:13:03,56.74,0.0,22,124820.0,бРел
682,10:13:06,56.75,0.00999999999999801,13,73775.0,бРел
683,10:13:09,56.76,0.00999999999999801,5,28377.0,бРел
684,10:13:12,56.76,0.0,1,5676.0,бРел
685,10:13:15,56.76,0.0,5,28386.0,жпптел
686,10:13:18,56.76,0.0,3,17028.0,бРел
687,10:13:21,56.75,-0.00999999999999801,3,17026.0,бТел
688,10:13:24,56.75,0.0,10,56752.0,бТел
689,10:13:30,56.75,0.0,13,73779.0,бТел
690,10:13:33,56.79,0.03999999999999915,26,147575.0,бРел
691,10:13:39,56.8,0.00999999999999801,87,494160.0,бРел
692,10:13:45,56.8,0.0,73,414639.0,бРел
693,10:13:48,56.79,-0.00999999999999801,21,119273.0,бТел
694,10:13:51,56.9,0.10999999999999943,1,5690.0,бРел
695,10:13:54,56.79,-0.10999999999999943,15,85204.0,бТел
696,10:13:57,56.75,-0.03999999999999915,41,232724.0,бТел
697,10:14:00,56.76,0.00999999999999801,62,351800.0,бРел
698,10:14:03,56.74,-0.01999999999999602,28,158872.0,бТел
699,10:14:06,56.76,0.01999999999999602,17,96491.0,бРел
700,10:14:09,56.76,0.0,16,90799.0,бРел
701,10:14:12,56.76,0.0,3,17028.0,бТел
702,10:14:15,56.77,0.010000000000005116,2,11354.0,бТел
703,10:14:18,56.77,0.0,1,5677.0,бТел
704,10:14:24,56.79,0.01999999999999602,3,17035.0,бРел
705,10:14:27,56.78,-0.00999999999999801,10,56780.0,бТел
706,10:14:30,56.8,0.01999999999999602,41,232879.99999999255,бРел
707,10:14:39,56.86,0.060000000000002274,1,5686.0,бРел
708,10:14:42,56.86,0.0,7,39802.0,бРел
709,10:14:54,56.88,0.020000000000003126,11,62568.0,бРел
710,10:14:57,56.88,0.0,4,22752.0,бРел
711,10:15:03,56.88,0.0,14,79632.0,бРел
712,10:15:12,56.89,0.00999999999999801,1,5689.0,бРел
713,10:15:18,56.89,0.0,2,11378.0,бРел
714,10:15:21,56.89,0.0,88,500529.0,бРел
715,10:15:24,56.89,0.0,8,45512.0,бРел
716,10:15:30,56.89,0.0,5,28445.0,бРел
717,10:15:33,56.89,0.0,1,5689.0,бРел
718,10:15:36,56.89,0.0,10,56890.0,бРел
719,10:15:39,56.88,-0.00999999999999801,23,130804.0,жпптел
720,10:15:42,56.81,-0.07000000000000028,29,164930.0,бТел
721,10:15:48,56.86,0.04999999999999716,2,11372.0,бРел
722,10:15:57,56.86,0.0,1,5686.0,бРел
723,10:16:03,56.89,0.030000000000001137,1,5689.0,бРел
724,10:16:06,56.86,-0.030000000000001137,1,5686.0,бТел
725,10:16:09,56.89,0.030000000000001137,5,28445.0,бРел
726,10:16:12,56.89,0.0,13,73957.0,бРел
727,10:16:15,56.89,0.0,9,51180.0,бРел
728,10:16:18,56.89,0.0,2,11378.0,бРел
729,10:16:21,56.89,0.0,5,28433.0,бРел
730,10:16:27,56.89,0.0,3,17067.0,бРел
731,10:16:30,56.9,0.00999999999999801,13,73941.0,бРел
732,10:16:33,56.9,0.0,24,136521.0,бРел
733,10:16:36,56.88,-0.01999999999999602,18,102312.0,жпптел
734,10:16:39,56.9,0.01999999999999602,7,39822.0,бРел
735,10:16:42,56.86,-0.03999999999999915,2,11372.0,бТел
736,10:16:45,56.9,0.03999999999999915,3,17070.0,бРел
737,10:16:48,56.87,-0.030000000000001137,1,5687.0,жпптел
738,10:16:51,56.86,-0.00999999999999801,7,39805.0,бТел
739,10:16:54,56.86,0.0,17,96606.0,бРел
740,10:17:00,56.82,-0.03999999999999915,5,28410.0,бТел
741,10:17:03,56.82,0.0,1,5682.0,бТел
742,10:17:06,56.82,0.0,3,17046.0,бТел
743,10:17:09,56.82,0.0,1,5682.0,бРел
744,10:17:12,56.8,-0.020000000000003126,60,340838.0,бТел
745,10:17:15,56.79,-0.00999999999999801,2,11359.0,бТел
746,10:17:18,56.85,0.060000000000002274,1,5685.0,бРел
747,10:17:30,56.85,0.0,1,5685.0,бРел
748,10:17:33,56.85,0.0,10,56805.0,бРел
749,10:17:36,56.78,-0.07000000000000028,13,73836.0,бТел
750,10:17:39,56.76,-0.020000000000003126,19,107880.0,бТел
751,10:17:42,56.85,0.09000000000000341,12,68142.0,бРел
752,10:17:45,56.85,0.0,11,62463.0,бРел
753,10:17:51,56.76,-0.09000000000000341,9,51084.0,бТел
754,10:17:54,56.76,0.0,1,5676.0,бРел
755,10:17:57,56.76,0.0,8,45408.0,бРел
756,10:18:00,56.76,0.0,3,17032.0,бТел
757,10:18:03,56.74,-0.01999999999999602,18,102137.0,бТел
758,10:18:09,56.87,0.12999999999999545,1,5687.0,бРел
759,10:18:15,56.76,-0.10999999999999943,6,34061.0,бТел
760,10:18:21,56.74,-0.01999999999999602,5,28375.0,бТел
761,10:18:24,56.89,0.14999999999999858,1,5689.0,бРел
762,10:18:30,56.89,0.0,3,17067.0,бРел
763,10:18:33,56.8,-0.09000000000000341,5,28402.0,бТел
764,10:18:42,56.88,0.0800000000000054,1,5688.0,бРел
765,10:18:45,56.83,-0.05000000000000426,9,51147.0,бТел
766,10:18:48,56.88,0.05000000000000426,1,5688.0,бРел
767,10:18:51,56.88,0.0,4,22752.0,бРел
768,10:18:54,56.85,-0.030000000000001137,8,45484.0,бТел
769,10:19:00,56.88,0.030000000000001137,1,5688.0,бРел
770,10:19:06,56.88,0.0,7,39797.0,бРел
771,10:19:09,56.87,-0.010000000000005116,27,153412.0,жпптел
772,10:19:12,56.87,0.0,8,45456.0,бРел
773,10:19:21,56.87,0.0,3,17061.0,бРел
774,10:19:24,56.81,-0.05999999999999517,16,90896.0,бТел
775,10:19:27,56.81,0.0,14,79534.0,бТел
776,10:19:30,56.8,-0.010000000000005116,42,238631.0,бТел
777,10:19:33,56.87,0.07000000000000028,11,62551.0,жпптел
778,10:19:36,56.8,-0.07000000000000028,15,85219.0,бТел
779,10:19:45,56.88,0.0800000000000054,8,45504.0,бРел
780,10:19:51,56.87,-0.010000000000005116,1,5687.0,жпптел
781,10:19:54,56.87,0.0,1,5687.0,бРел
782,10:19:57,56.88,0.010000000000005116,29,164934.0,бРел
783,10:20:00,56.84,-0.03999999999999915,4,22745.0,бТел
784,10:20:03,56.88,0.03999999999999915,3,17064.0,бРел
785,10:20:06,56.93,0.04999999999999716,13,73980.0,бРел
786,10:20:09,56.88,-0.04999999999999716,7,39816.0,бРел
787,10:20:15,56.88,0.0,7,39816.0,бРел
788,10:20:18,56.88,0.0,1,5688.0,бРел
789,10:20:21,56.91,0.02999999999999403,3,17073.0,бРел
790,10:20:24,56.93,0.020000000000003126,31,176453.0,бРел
791,10:20:27,56.93,0.0,3,17077.0,бРел
792,10:20:30,56.98,0.04999999999999716,3,17092.0,бРел
793,10:20:33,56.95,-0.02999999999999403,11,62653.0,бТел
794,10:20:36,56.95,0.0,4,22780.0,бРел
795,10:20:39,56.98,0.02999999999999403,6,34163.0,бРел
796,10:20:42,56.98,0.0,6,34188.0,бРел
797,10:20:45,56.98,0.0,2,11395.0,бРел
798,10:20:48,56.98,0.0,1,5698.0,бРел
799,10:20:51,56.98,0.0,12,68376.0,бРел
800,10:20:57,56.98,0.0,31,176657.0,бТел
801,10:21:00,57.0,0.020000000000003126,2,11400.0,бРел
802,10:21:06,57.17,0.1700000000000017,146,832342.0,бРел
803,10:21:12,57.17,0.0,3,17151.0,бРел
804,10:21:21,57.17,0.0,2,11434.0,бРел
805,10:21:27,57.11,-0.060000000000002274,7,40007.0,бТел
806,10:21:30,57.11,0.0,20,114254.0,бТел
807,10:21:36,57.17,0.060000000000002274,4,22868.0,бТел
808,10:21:39,57.17,0.0,24,137265.0,бТел
809,10:21:42,57.17,0.0,5,28585.0,бРел
810,10:21:45,57.17,0.0,8,45721.0,бРел
811,10:21:48,57.11,-0.060000000000002274,2,11422.0,бТел
812,10:21:51,57.17,0.060000000000002274,7,40019.0,бРел
813,10:21:57,57.17,0.0,2,11433.0,бРел
814,10:22:00,57.17,0.0,1,5717.0,бРел
815,10:22:03,57.16,-0.010000000000005116,10,57167.0,бТел
816,10:22:12,57.2,0.04000000000000625,7,40040.0,бРел
817,10:22:15,57.2,0.0,5,28600.0,бРел
818,10:22:21,57.2,0.0,5,28600.0,бРел
819,10:22:24,57.2,0.0,73,417560.0,бРел
820,10:22:27,57.2,0.0,7,40040.0,бРел
821,10:22:30,57.2,0.0,2,11440.0,бРел
822,10:22:33,57.18,-0.020000000000003126,16,91517.0,бТел
823,10:22:45,57.2,0.020000000000003126,6,34320.0,бТел
824,10:22:48,57.11,-0.09000000000000341,19,108615.0,бТел
825,10:22:51,57.1,-0.00999999999999801,24,136946.0,бРел
826,10:23:06,57.1,0.0,2,11420.0,бРел
827,10:23:12,57.1,0.0,2,11419.0,бРел
828,10:23:15,57.01,-0.09000000000000341,12,68418.0,бТел
829,10:23:21,57.04,0.030000000000001137,3,17109.0,бТел
830,10:23:30,57.04,0.0,1,5704.0,бРел
831,10:23:36,57.06,0.020000000000003126,1,5706.0,жпптел
832,10:23:51,57.06,0.0,6,34256.0,бТел
833,10:24:03,57.1,0.03999999999999915,1,5710.0,бРел
834,10:24:06,57.1,0.0,10,57100.0,бРел
835,10:24:09,57.1,0.0,5,28547.0,бРел
836,10:24:12,57.07,-0.030000000000001137,14,79919.0,бТел
837,10:24:30,57.1,0.030000000000001137,3,17130.0,бРел
838,10:24:39,57.08,-0.020000000000003126,3,17126.0,бТел
839,10:24:45,57.1,0.020000000000003126,21,119910.0,бРел
840,10:24:48,57.1,0.0,2,11420.0,бРел
841,10:24:51,57.1,0.0,6,34257.0,бРел
842,10:24:57,57.09,-0.00999999999999801,3,17127.0,бТел
843,10:25:00,57.1,0.00999999999999801,6,34260.0,бРел
844,10:25:03,57.1,0.0,3,17130.0,бРел
845,10:25:06,57.1,0.0,5,28546.0,бРел
846,10:25:09,57.09,-0.00999999999999801,1,5709.0,жпптел
847,10:25:12,57.03,-0.060000000000002274,23,131266.0,бТел
848,10:25:30,57.1,0.07000000000000028,20,114190.0,бРел
849,10:25:36,57.02,-0.0799999999999983,28,159659.0,бТел
850,10:25:42,57.04,0.01999999999999602,2,11408.0,бТел
851,10:25:48,57.04,0.0,1,5704.0,бРел
852,10:25:54,57.04,0.0,1,5704.0,бРел
853,10:26:09,57.09,0.05000000000000426,7,39963.0,бРел
854,10:26:21,57.1,0.00999999999999801,65,371150.0,бРел
855,10:26:24,57.1,0.0,14,79937.0,бРел
856,10:26:30,57.1,0.0,33,188270.0,бРел
857,10:26:33,57.09,-0.00999999999999801,2,11418.0,бТел
858,10:26:39,57.1,0.00999999999999801,1,5710.0,бРел
859,10:26:51,57.1,0.0,2,11420.0,бРел
860,10:26:54,57.1,0.0,16,91360.0,бРел
861,10:26:57,57.1,0.0,44,251240.0,бРел
862,10:27:00,57.1,0.0,3,17131.0,бТел
863,10:27:03,57.1,0.0,5,28552.0,бТел
864,10:27:09,57.13,0.030000000000001137,1,5713.0,бРел
865,10:27:12,57.17,0.03999999999999915,1,5717.0,бРел
866,10:27:24,57.18,0.00999999999999801,2,11436.0,бРел
867,10:27:27,57.2,0.020000000000003126,6,34320.0,бРел
868,10:27:30,57.22,0.01999999999999602,7,40054.0,бРел
869,10:27:33,57.22,0.0,4,22884.0,бРел
870,10:27:45,57.23,0.00999999999999801,2,11446.0,бРел
871,10:27:48,57.22,-0.00999999999999801,3,17166.0,бТел
872,10:27:51,57.25,0.030000000000001137,14,80150.0,бРел
873,10:27:54,57.24,-0.00999999999999801,8,45792.0,жпптел
874,10:27:57,57.24,0.0,4,22896.0,бРел
875,10:28:03,57.25,0.00999999999999801,8,45797.0,бРел
876,10:28:06,57.25,0.0,6,34350.0,бРел
877,10:28:09,57.2,-0.04999999999999716,15,85852.0,бТел
878,10:28:15,57.2,0.0,1,5720.0,бРел
879,10:28:18,57.2,0.0,1,5720.0,бРел
880,10:28:24,57.2,0.0,2,11440.0,бРел
881,10:28:27,57.2,0.0,1,5720.0,бРел
882,10:28:30,57.2,0.0,11,62904.0,бРел
883,10:28:36,57.18,-0.020000000000003126,2,11436.0,бТел
884,10:28:42,57.18,0.0,7,40032.0,бТел
885,10:28:45,57.12,-0.060000000000002274,2,11430.0,бТел
886,10:28:48,57.1,-0.01999999999999602,11,62815.0,бТел
887,10:28:51,57.12,0.01999999999999602,2,11424.0,бРел
888,10:29:03,57.18,0.060000000000002274,1,5718.0,бРел
889,10:29:06,57.13,-0.04999999999999716,7,39991.0,бТел
890,10:29:09,57.18,0.04999999999999716,2,11436.0,бРел
891,10:29:12,57.19,0.00999999999999801,7,40033.0,бРел
892,10:29:21,57.19,0.0,2,11438.0,бРел
893,10:29:24,57.19,0.0,6,34314.0,бРел
894,10:29:27,57.19,0.0,1,5719.0,бРел
895,10:29:33,57.19,0.0,6,34314.0,бРел
896,10:29:36,57.19,0.0,4,22876.0,бРел
897,10:29:39,57.2,0.010000000000005116,5,28600.0,бРел
898,10:29:42,57.2,0.0,4,22880.0,бРел
899,10:29:48,57.2,0.0,4,22880.0,бРел
900,10:29:51,57.2,0.0,4,22880.0,бРел
901,10:29:57,57.2,0.0,5,28600.0,бРел
902,10:30:00,57.19,-0.010000000000005116,12,68629.0,бТел
903,10:30:03,57.2,0.010000000000005116,1,5720.0,бРел
904,10:30:06,57.2,0.0,6,34320.0,бРел
905,10:30:09,57.23,0.02999999999999403,48,274580.0,бРел
906,10:30:12,57.25,0.020000000000003126,30,171712.0,бРел
907,10:30:15,57.25,0.0,78,446550.0,бРел
908,10:30:18,57.3,0.04999999999999716,28,160403.0,бРел
909,10:30:21,57.33,0.030000000000001137,26,148975.0,бРел
910,10:30:24,57.37,0.03999999999999915,10,57372.0,бРел
911,10:30:27,57.37,0.0,3,17211.0,бРел
912,10:30:33,57.4,0.030000000000001137,4,22960.0,бРел
913,10:30:36,57.4,0.0,3,17220.0,бРел
914,10:30:39,57.39,-0.00999999999999801,22,126273.0,жпптел
915,10:30:42,57.38,-0.00999999999999801,15,86077.0,бТел
916,10:30:45,57.37,-0.010000000000005116,10,57370.0,бТел
917,10:30:48,57.33,-0.03999999999999915,2,11466.0,бТел
918,10:30:54,57.3,-0.030000000000001137,5,28650.0,бТел
919,10:30:57,57.3,0.0,1,5730.0,бТел
920,10:31:00,57.23,-0.07000000000000028,15,85911.0,бТел
921,10:31:03,57.31,0.0800000000000054,4,22924.0,бРел
922,10:31:06,57.23,-0.0800000000000054,1,5723.0,бТел
923,10:31:33,57.26,0.030000000000001137,8,45808.0,бТел
924,10:31:42,57.29,0.030000000000001137,13,74477.0,бРел
925,10:31:45,57.29,0.0,7,40107.0,бТел
926,10:31:48,57.23,-0.060000000000002274,61,349208.0,бТел
927,10:31:51,57.18,-0.04999999999999716,2,11438.0,бТел
928,10:32:00,57.26,0.0799999999999983,6,34341.0,бРел
929,10:32:03,57.1,-0.1599999999999966,47,268646.0,бТел
930,10:32:06,57.03,-0.07000000000000028,41,233969.0,бТел
931,10:32:09,57.1,0.07000000000000028,4,22840.0,бРел
932,10:32:12,57.14,0.03999999999999915,5,28585.0,бТел
933,10:32:30,57.1,-0.03999999999999915,11,62835.0,бТел
934,10:32:33,57.11,0.00999999999999801,37,211103.0,бРел
935,10:32:36,57.11,0.0,3,17133.0,бРел
936,10:32:57,57.26,0.14999999999999858,2,11452.0,бРел
937,10:33:00,57.26,0.0,5,28630.0,бРел
938,10:33:03,57.26,0.0,2,11452.0,бРел
939,10:33:09,57.14,-0.11999999999999744,1,5714.0,жпптел
940,10:33:24,57.26,0.11999999999999744,2,11452.0,бРел
941,10:33:27,57.27,0.010000000000005116,1,5727.0,бРел
942,10:33:33,57.27,0.0,2,11454.0,бРел
943,10:33:36,57.28,0.00999999999999801,3,17160.0,бРел
944,10:33:42,57.27,-0.00999999999999801,1,5727.0,жпптел
945,10:33:45,57.37,0.09999999999999432,38,217857.0,бРел
946,10:33:48,57.18,-0.18999999999999773,17,97261.0,бТел
947,10:33:51,57.18,0.0,1,5718.0,бРел
948,10:34:03,57.28,0.10000000000000142,5,28635.0,бРел
949,10:34:06,57.23,-0.05000000000000426,6,34338.0,бТел
950,10:34:09,57.21,-0.01999999999999602,4,22875.0,бРел
951,10:34:18,57.18,-0.030000000000001137,3,17154.0,бТел
952,10:34:24,57.21,0.030000000000001137,1,5721.0,бРел
953,10:34:27,57.23,0.01999999999999602,2,11444.0,жпптел
954,10:34:33,57.28,0.05000000000000426,2,11456.0,бРел
955,10:34:36,57.28,0.0,2,11456.0,бРел
956,10:34:39,57.21,-0.07000000000000028,5,28605.0,бТел
957,10:34:42,57.21,0.0,8,45768.0,бТел
958,10:34:57,57.18,-0.030000000000001137,7,40032.0,бТел
959,10:35:00,57.15,-0.030000000000001137,8,45726.0,бТел
960,10:35:06,57.2,0.05000000000000426,1,5720.0,бРел
961,10:35:18,57.2,0.0,11,62890.0,бРел
962,10:35:21,57.21,0.00999999999999801,3,17163.0,бРел
963,10:35:27,57.15,-0.060000000000002274,3,17145.0,бТел
964,10:35:30,57.15,0.0,2,11430.0,бТел
965,10:35:36,57.14,-0.00999999999999801,18,102867.0,бТел
966,10:35:45,57.2,0.060000000000002274,7,40010.0,бРел
967,10:35:54,57.2,0.0,2,11435.0,бРел
968,10:35:57,57.1,-0.10000000000000142,2,11420.0,бТел
969,10:36:12,57.1,0.0,8,45715.0,бТел
970,10:36:21,57.2,0.10000000000000142,5,28600.0,бРел
971,10:36:24,57.2,0.0,3,17160.0,бРел
972,10:36:33,57.26,0.05999999999999517,2,11452.0,бРел
973,10:36:39,57.26,0.0,2,11452.0,бРел
974,10:36:54,57.2,-0.05999999999999517,20,114437.0,бТел
975,10:37:00,57.2,0.0,2,11440.0,бРел
976,10:37:12,57.2,0.0,2,11440.0,бРел
977,10:37:18,57.18,-0.020000000000003126,1,5718.0,бТел
978,10:37:21,57.2,0.020000000000003126,2,11440.0,бРел
979,10:37:24,57.2,0.0,2,11440.0,бРел
980,10:37:30,57.18,-0.020000000000003126,11,62900.0,бТел
981,10:37:42,57.2,0.020000000000003126,1,5720.0,бРел
982,10:37:45,57.18,-0.020000000000003126,3,17158.0,бТел
983,10:38:00,57.2,0.020000000000003126,2,11440.0,бРел
984,10:38:09,57.2,0.0,2,11440.0,бРел
985,10:38:33,57.2,0.0,2,11440.0,бРел
986,10:38:36,57.19,-0.010000000000005116,5,28595.0,бТел
987,10:38:39,57.2,0.010000000000005116,1,5720.0,бРел
988,10:38:42,57.19,-0.010000000000005116,12,68628.0,бТел
989,10:38:45,57.2,0.010000000000005116,5,28597.0,бРел
990,10:38:51,57.2,0.0,1,5720.0,бРел
991,10:39:00,57.2,0.0,5,28600.0,бРел
992,10:39:06,57.2,0.0,7,40040.0,бРел
993,10:39:09,57.2,0.0,11,62920.0,бРел
994,10:39:12,57.2,0.0,3,17160.0,бРел
995,10:39:15,57.19,-0.010000000000005116,3,17157.0,бТел
996,10:39:18,57.2,0.010000000000005116,1,5720.0,бРел
997,10:39:21,57.2,0.0,2,11440.0,бРел
998,10:39:33,57.2,0.0,21,120120.0,бРел
999,10:39:36,57.26,0.05999999999999517,2,11452.0,бРел
1000,10:39:45,57.3,0.03999999999999915,3,17190.0,бРел
1001,10:39:48,57.34,0.04000000000000625,3,17202.0,бРел
1002,10:39:51,57.34,0.0,1,5734.0,бРел
1003,10:39:54,57.35,0.00999999999999801,11,63078.0,бРел
1004,10:40:00,57.33,-0.020000000000003126,16,91746.0,бТел
1005,10:40:06,57.3,-0.030000000000001137,8,45840.0,бРел
1006,10:40:09,57.35,0.05000000000000426,20,114700.0,бРел
1007,10:40:12,57.35,0.0,41,235135.0,бРел
1008,10:40:15,57.38,0.030000000000001137,33,189261.0,бРел
1009,10:40:18,57.48,0.09999999999999432,16,92010.44000001252,бРел
1010,10:40:21,57.5,0.020000000000003126,9,51750.0,бРел
1011,10:40:24,57.5,0.0,13,74750.0,бРел
1012,10:40:27,57.64,0.14000000000000057,1,5764.0,жпптел
1013,10:40:39,57.6,-0.03999999999999915,4,23034.0,жпптел
1014,10:40:42,57.54,-0.060000000000002274,3,17274.0,бТел
1015,10:40:45,57.54,0.0,1,5754.0,бТел
1016,10:40:48,57.54,0.0,20,115150.0,бТел
1017,10:40:51,57.58,0.03999999999999915,2,11512.0,бРел
1018,10:40:54,57.55,-0.030000000000001137,7,40283.0,бТел
1019,10:40:57,57.35,-0.19999999999999574,15,86239.0,бТел
1020,10:41:00,57.5,0.14999999999999858,5,28735.0,жпптел
1021,10:41:03,57.35,-0.14999999999999858,1,5735.0,бТел
1022,10:41:06,57.35,0.0,1,5735.0,бТел
1023,10:41:09,57.48,0.12999999999999545,4,22991.0,бРел
1024,10:41:12,57.47,-0.00999999999999801,4,22970.0,жпптел
1025,10:41:15,57.41,-0.060000000000002274,5,28705.0,бТел
1026,10:41:18,57.5,0.09000000000000341,8,45965.0,бРел
1027,10:41:21,57.42,-0.0799999999999983,3,17233.0,бТел
1028,10:41:24,57.5,0.0799999999999983,40,229865.0,бРел
1029,10:41:27,57.51,0.00999999999999801,12,69012.0,жпптел
1030,10:41:33,57.57,0.060000000000002274,16,92007.0,жпптел
1031,10:41:36,57.55,-0.020000000000003126,1,5755.0,жпптел
1032,10:41:39,57.49,-0.05999999999999517,1,5749.0,бТел
1033,10:41:42,57.49,0.0,3,17247.0,бТел
1034,10:41:45,57.49,0.0,2,11499.0,бТел
1035,10:41:48,57.58,0.0899999999999963,13,74827.0,бРел
1036,10:41:51,57.56,-0.01999999999999602,1,5756.0,бТел
1037,10:41:54,57.59,0.030000000000001137,3,17274.0,бРел
1038,10:41:57,57.58,-0.010000000000005116,7,40294.0,жпптел
1039,10:42:00,57.57,-0.00999999999999801,1,5757.0,бТел
1040,10:42:03,57.57,0.0,1,5757.0,бТел
1041,10:42:06,57.57,0.0,11,63337.0,бТел
1042,10:42:12,57.57,0.0,14,80596.0,бРел
1043,10:42:15,57.57,0.0,10,57570.0,бРел
1044,10:42:18,57.57,0.0,3,17271.0,бРел
1045,10:42:21,57.58,0.00999999999999801,3,17274.0,бРел
1046,10:42:30,57.57,-0.00999999999999801,7,40299.0,бТел
1047,10:42:33,57.64,0.07000000000000028,41,236191.0,бРел
1048,10:42:36,57.64,0.0,1,5764.0,бРел
1049,10:42:39,57.57,-0.07000000000000028,20,115259.0,бТел
1050,10:42:42,57.57,0.0,10,57570.0,бРел
1051,10:42:48,57.57,0.0,2,11514.0,бРел
1052,10:42:51,57.57,0.0,4,23028.0,бРел
1053,10:43:00,57.57,0.0,18,103616.0,бРел
1054,10:43:06,57.57,0.0,1,5757.0,бРел
1055,10:43:09,57.57,0.0,6,34542.0,бРел
1056,10:43:12,57.55,-0.020000000000003126,6,34536.0,бТел
1057,10:43:24,57.57,0.020000000000003126,25,143804.0,бРел
1058,10:43:30,57.55,-0.020000000000003126,2,11510.0,бТел
1059,10:43:36,57.57,0.020000000000003126,15,86355.0,бРел
1060,10:43:39,57.57,0.0,10,57570.0,бРел
1061,10:43:42,57.57,0.0,9,51813.0,бРел
1062,10:43:45,57.57,0.0,1,5757.0,бРел
1063,10:43:54,57.57,0.0,4,23028.0,бРел
1064,10:43:57,57.55,-0.020000000000003126,21,120881.0,бТел
1065,10:44:03,57.55,0.0,12,69060.0,бТел
1066,10:44:09,57.55,0.0,2,11510.0,бРел
1067,10:44:15,57.55,0.0,1,5755.0,бРел
1068,10:44:21,57.55,0.0,5,28775.0,бРел
1069,10:44:24,57.5,-0.04999999999999716,1,5750.0,бТел
1070,10:44:33,57.5,0.0,5,28750.0,бТел
1071,10:44:36,57.55,0.04999999999999716,2,11510.0,бРел
1072,10:44:39,57.51,-0.03999999999999915,1,5751.0,жпптел
1073,10:44:45,57.55,0.03999999999999915,2,11510.0,бРел
1074,10:44:57,57.54,-0.00999999999999801,1,5754.0,бРел
1075,10:45:00,57.5,-0.03999999999999915,19,109270.0,бТел
1076,10:45:03,57.51,0.00999999999999801,2,11501.0,бРел
1077,10:45:21,57.51,0.0,4,23004.0,бРел
1078,10:45:24,57.54,0.030000000000001137,2,11508.0,бРел
1079,10:45:27,57.54,0.0,2,11508.0,бРел
1080,10:45:33,57.51,-0.030000000000001137,2,11505.0,бТел
1081,10:45:39,57.5,-0.00999999999999801,20,115015.0,бТел
1082,10:45:48,57.54,0.03999999999999915,1,5754.0,бРел
1083,10:45:57,57.5,-0.03999999999999915,2,11500.0,бТел
1084,10:46:03,57.5,0.0,2,11500.0,бТел
1085,10:46:06,57.52,0.020000000000003126,1,5752.0,бРел
1086,10:46:12,57.52,0.0,1,5752.0,бРел
1087,10:46:15,57.52,0.0,1,5752.0,бРел
1088,10:46:18,57.51,-0.010000000000005116,4,23005.0,бТел
1089,10:46:21,57.51,0.0,4,23005.0,бТел
1090,10:46:27,57.51,0.0,6,34512.0,бТел
1091,10:46:42,57.55,0.03999999999999915,1,5755.0,бРел
1092,10:46:45,57.55,0.0,4,23020.0,бРел
1093,10:46:57,57.57,0.020000000000003126,5,28777.0,бРел
1094,10:47:00,57.57,0.0,2,11514.0,бРел
1095,10:47:03,57.55,-0.020000000000003126,7,40285.0,бТел
1096,10:47:09,57.55,0.0,1,5755.0,бРел
1097,10:47:12,57.57,0.020000000000003126,4,23028.0,бРел
1098,10:47:15,57.57,0.0,1,5757.0,бРел
1099,10:47:21,57.57,0.0,2,11514.0,бРел
1100,10:47:24,57.56,-0.00999999999999801,1,5756.0,жпптел
1101,10:47:27,57.56,0.0,2,11512.0,бРел
1102,10:47:42,57.55,-0.010000000000005116,1,5755.0,бРел
1103,10:47:48,57.51,-0.03999999999999915,7,40260.0,бТел
1104,10:47:54,57.51,0.0,3,17253.0,бРел
1105,10:47:57,57.5,-0.00999999999999801,1,5750.0,бТел
1106,10:48:00,57.5,0.0,5,28750.0,бТел
1107,10:48:06,57.49,-0.00999999999999801,3,17248.0,бТел
1108,10:48:09,57.49,0.0,3,17247.0,бРел
1109,10:48:15,57.49,0.0,6,34493.0,бРел
1110,10:48:18,57.5,0.00999999999999801,3,17250.0,бРел
1111,10:48:33,57.49,-0.00999999999999801,4,22998.0,бТел
1112,10:48:42,57.5,0.00999999999999801,9,51742.0,бРел
1113,10:48:51,57.49,-0.00999999999999801,8,45992.0,бТел
1114,10:48:54,57.48,-0.010000000000005116,4,22992.0,бТел
1115,10:49:06,57.48,0.0,1,5748.0,бРел
1116,10:49:09,57.48,0.0,3,17244.0,жпптел
1117,10:49:18,57.48,0.0,2,11496.0,бРел
1118,10:49:30,57.49,0.010000000000005116,1,5749.0,бРел
1119,10:49:33,57.49,0.0,3,17249.0,бТел
1120,10:49:39,57.5,0.00999999999999801,5,28750.0,бРел
1121,10:49:42,57.5,0.0,3,17250.0,бРел
1122,10:50:00,57.49,-0.00999999999999801,20,115017.0,бТел
1123,10:50:09,57.55,0.05999999999999517,6,34529.0,бРел
1124,10:50:12,57.57,0.020000000000003126,12,69077.0,бРел
1125,10:50:15,57.61,0.03999999999999915,4,23042.0,бРел
1126,10:50:18,57.63,0.020000000000003126,6,34576.0,бРел
1127,10:50:21,57.65,0.01999999999999602,12,69160.0,бРел
1128,10:50:24,57.65,0.0,5,28825.0,бРел
1129,10:50:27,57.68,0.030000000000001137,4,23072.0,бРел
1130,10:50:30,57.7,0.020000000000003126,6,34620.0,бРел
1131,10:50:33,57.7,0.0,2,11540.0,бРел
1132,10:50:39,57.75,0.04999999999999716,10,57750.0,жпптел
1133,10:50:42,57.7,-0.04999999999999716,5,28850.0,бТел
1134,10:50:48,57.7,0.0,5,28850.0,бТел
1135,10:50:54,57.7,0.0,4,23080.0,бРел
1136,10:50:57,57.69,-0.010000000000005116,11,63466.0,бТел
1137,10:51:03,57.69,0.0,1,5769.0,бРел
1138,10:51:06,57.69,0.0,2,11538.0,бРел
1139,10:51:12,57.69,0.0,5,28838.0,бРел
1140,10:51:15,57.69,0.0,1,5769.0,бРел
1141,10:51:27,57.66,-0.030000000000001137,3,17298.0,бТел
1142,10:51:33,57.66,0.0,11,63426.0,бРел
1143,10:51:36,57.66,0.0,8,46128.0,бРел
1144,10:51:42,57.7,0.04000000000000625,2,11540.0,бРел
1145,10:51:48,57.7,0.0,5,28850.0,бРел
1146,10:51:51,57.66,-0.04000000000000625,50,288319.0,бТел
1147,10:52:03,57.72,0.060000000000002274,1,5772.0,бТел
1148,10:52:06,57.72,0.0,15,86592.0,бТел
1149,10:52:09,57.66,-0.060000000000002274,3,17303.0,бТел
1150,10:52:12,57.72,0.060000000000002274,5,28860.0,бРел
1151,10:52:18,57.72,0.0,12,69264.0,бРел
1152,10:52:27,57.73,0.00999999999999801,4,23091.0,бРел
1153,10:52:30,57.73,0.0,2,11546.0,бРел
1154,10:52:33,57.73,0.0,3,23033.27999998629,бРел
1155,10:52:48,57.73,0.0,1,5773.0,бРел
1156,10:52:51,57.73,0.0,59,339763.0,бРел
1157,10:52:54,57.72,-0.00999999999999801,7,40404.0,бТел
1158,10:53:12,57.72,0.0,14,80808.0,бРел
1159,10:53:21,57.73,0.00999999999999801,3,17319.0,бРел
1160,10:53:24,57.73,0.0,3,17318.0,бРел
1161,10:53:30,57.73,0.0,7,40411.0,бРел
1162,10:53:45,57.61,-0.11999999999999744,11,63374.0,бТел
1163,10:53:48,57.61,0.0,9,51849.0,бРел
1164,10:53:54,57.73,0.11999999999999744,4,23090.0,бРел
1165,10:54:03,57.75,0.020000000000003126,27,155893.0,бРел
1166,10:54:06,57.76,0.00999999999999801,1,5776.0,бРел
1167,10:54:09,57.76,0.0,1,5776.0,бРел
1168,10:54:12,57.75,-0.00999999999999801,22,127050.0,бТел
1169,10:54:15,57.75,0.0,17,98175.0,бТел
1170,10:54:21,57.68,-0.07000000000000028,14,80754.0,бТел
1171,10:54:24,57.68,0.0,1,5768.0,бРел
1172,10:54:27,57.8,0.11999999999999744,54,311935.0,бРел
1173,10:54:30,57.81,0.010000000000005116,1,5781.0,бТел
1174,10:54:36,57.8,-0.010000000000005116,5,28906.0,бТел
1175,10:54:39,57.8,0.0,11,63576.0,бРел
1176,10:54:42,57.8,0.0,1,5780.0,бРел
1177,10:54:57,57.79,-0.00999999999999801,34,196484.0,бРел
1178,10:55:03,57.79,0.0,4,23116.0,бРел
1179,10:55:06,57.78,-0.00999999999999801,7,40450.0,бТел
1180,10:55:09,57.79,0.00999999999999801,3,17336.0,бРел
1181,10:55:18,57.79,0.0,11,63569.0,бРел
1182,10:55:21,57.8,0.00999999999999801,2,11560.0,бРел
1183,10:55:24,57.8,0.0,5,28900.0,бРел
1184,10:55:33,57.8,0.0,4,23119.0,бРел
1185,10:55:36,57.8,0.0,5,28900.0,бРел
1186,10:55:39,57.8,0.0,12,69360.0,бРел
1187,10:55:42,57.83,0.030000000000001137,3,17349.0,бРел
1188,10:55:45,57.84,0.010000000000005116,1,5784.0,бРел
1189,10:55:51,57.84,0.0,31,179199.0,бРел
1190,10:55:54,57.84,0.0,8,46272.0,бРел
1191,10:55:57,57.84,0.0,1,5784.0,бТел
1192,10:56:00,57.86,0.01999999999999602,3,17358.0,бРел
1193,10:56:06,57.84,-0.01999999999999602,1,5784.0,бТел
1194,10:56:12,57.84,0.0,8,46276.0,бТел
1195,10:56:21,57.85,0.00999999999999801,4,23143.0,бТел
1196,10:56:30,57.93,0.0799999999999983,2,11586.0,бРел
1197,10:56:33,57.86,-0.07000000000000028,1,5786.0,бРел
1198,10:56:42,57.92,0.060000000000002274,16,92553.0,бРел
1199,10:56:45,57.93,0.00999999999999801,2,11578.0,бРел
1200,10:56:51,57.92,-0.00999999999999801,1,5792.0,бРел
1201,10:56:57,57.85,-0.07000000000000028,14,80997.0,бТел
1202,10:57:00,57.85,0.0,6,34710.0,бРел
1203,10:57:06,57.85,0.0,10,57850.0,бРел
1204,10:57:12,57.85,0.0,1,5785.0,бРел
1205,10:57:15,57.85,0.0,3,17355.0,бТел
1206,10:57:27,57.85,0.0,7,40495.0,бТел
1207,10:57:33,57.85,0.0,3,17355.0,бТел
1208,10:57:36,57.85,0.0,2,11575.0,бТел
1209,10:57:51,57.85,0.0,1,5785.0,бТел
1210,10:57:57,57.85,0.0,2,11570.0,бТел
1211,10:58:00,57.81,-0.03999999999999915,7,40484.0,бТел
1212,10:58:06,57.81,0.0,1,5781.0,бРел
1213,10:58:09,57.81,0.0,32,184992.0,бРел
1214,10:58:12,57.81,0.0,3,17343.0,бТел
1215,10:58:27,57.86,0.04999999999999716,2,11571.0,бРел
1216,10:58:45,57.81,-0.04999999999999716,5,28905.0,бТел
1217,10:58:51,57.81,0.0,1,5781.0,бТел
1218,10:58:54,57.88,0.07000000000000028,15,86808.0,бРел
1219,10:59:03,57.89,0.00999999999999801,2,11578.0,бРел
1220,10:59:06,57.88,-0.00999999999999801,5,28940.0,бТел
1221,10:59:15,57.9,0.01999999999999602,2,11579.0,бРел
1222,10:59:18,57.88,-0.01999999999999602,1,5788.0,бТел
1223,10:59:21,57.9,0.01999999999999602,1,5790.0,бРел
1224,10:59:24,57.9,0.0,6,34740.0,бРел
1225,10:59:27,57.9,0.0,4,23160.0,бРел
1226,10:59:33,57.88,-0.01999999999999602,3,17364.0,бТел
1227,10:59:39,57.88,0.0,1,5788.0,бТел
1228,10:59:42,57.88,0.0,2,11576.0,бТел
1229,10:59:45,57.9,0.01999999999999602,2,11579.0,бРел
1230,10:59:54,57.9,0.0,1,5790.0,бРел
1231,10:59:57,57.88,-0.01999999999999602,30,173650.0,бТел
1232,11:00:03,57.88,0.0,5,28940.0,бТел
1233,11:00:12,57.88,0.0,6,35306.80000001192,бРел
1234,11:00:15,57.89,0.00999999999999801,6,34734.0,бРел
1235,11:00:18,57.93,0.03999999999999915,29,167961.0,бРел
1236,11:00:21,57.95,0.020000000000003126,27,156452.0,бРел
1237,11:00:24,57.96,0.00999999999999801,13,75341.0,бРел
1238,11:00:27,57.97,0.00999999999999801,9,52173.0,бРел
1239,11:00:30,57.98,0.00999999999999801,9,52182.0,бРел
1240,11:00:33,57.98,0.0,16,92768.0,бРел
1241,11:00:36,57.98,0.0,7,40588.0,бТел
1242,11:00:39,57.98,0.0,2,11596.0,бТел
1243,11:00:42,57.99,0.010000000000005116,16,92784.0,бРел
1244,11:00:45,57.99,0.0,5,28994.0,бРел
1245,11:00:48,58.0,0.00999999999999801,8,46400.0,бРел
1246,11:00:51,58.0,0.0,2,11600.0,бРел
1247,11:00:54,58.08,0.0799999999999983,1,5808.0,бРел
1248,11:00:57,58.08,0.0,7,40656.0,бРел
1249,11:01:00,58.1,0.020000000000003126,1,5810.0,бРел
1250,11:01:03,58.13,0.030000000000001137,2,11626.0,бРел
1251,11:01:09,58.14,0.00999999999999801,4,23255.0,бРел
1252,11:01:12,58.17,0.030000000000001137,7,40719.0,бТел
1253,11:01:15,58.17,0.0,9,52353.0,бТел
1254,11:01:18,58.13,-0.03999999999999915,12,69766.0,бТел
1255,11:01:21,58.13,0.0,7,40671.0,бТел
1256,11:01:24,58.13,0.0,7,40688.0,бРел
1257,11:01:30,58.1,-0.030000000000001137,18,104588.0,бТел
1258,11:01:39,57.92,-0.17999999999999972,30,173791.0,бТел
1259,11:01:48,58.0,0.0799999999999983,2,11599.0,бРел
1260,11:01:57,58.06,0.060000000000002274,4,23224.0,бРел
1261,11:02:06,58.09,0.030000000000001137,4,23232.0,бРел
1262,11:02:12,58.1,0.00999999999999801,5,29046.0,бРел
1263,11:02:15,58.09,-0.00999999999999801,3,17427.0,бТел
1264,11:02:18,58.1,0.00999999999999801,1,5810.0,бРел
1265,11:02:21,58.09,-0.00999999999999801,6,34857.0,бТел
1266,11:02:27,58.1,0.00999999999999801,12,69752.0,бРел
1267,11:02:30,58.1,0.0,4,23240.0,бТел
1268,11:02:33,58.1,0.0,3,17430.0,бТел
1269,11:02:36,58.1,0.0,16,92993.0,бТел
1270,11:02:42,58.1,0.0,5,29056.0,бТел
1271,11:02:48,58.1,0.0,3,17430.0,бТел
1272,11:02:54,58.17,0.07000000000000028,1,5817.0,бРел
1273,11:02:57,58.16,-0.010000000000005116,8,46486.0,бРел
1274,11:03:03,58.16,0.0,1,5816.0,бТел
1275,11:03:06,58.1,-0.05999999999999517,5,29050.0,бТел
1276,11:03:12,58.05,-0.05000000000000426,3,17415.0,бТел
1277,11:03:15,58.14,0.09000000000000341,2,11619.0,бРел
1278,11:03:18,58.05,-0.09000000000000341,1,5805.0,жпптел
1279,11:03:24,58.05,0.0,10,58050.0,бТел
1280,11:03:27,58.05,0.0,4,23220.0,бТел
1281,11:03:30,58.05,0.0,2,11610.0,бТел
1282,11:03:33,58.03,-0.01999999999999602,7,40625.0,бТел
1283,11:03:36,58.01,-0.020000000000003126,4,23204.0,бТел
1284,11:03:39,58.01,0.0,6,34801.0,бРел
1285,11:03:42,58.0,-0.00999999999999801,21,121800.0,бТел
1286,11:03:48,57.94,-0.060000000000002274,1,5794.0,бТел
1287,11:03:54,58.0,0.060000000000002274,1,5800.0,бРел
1288,11:04:06,57.94,-0.060000000000002274,11,63734.0,бТел
1289,11:04:09,57.92,-0.01999999999999602,4,23172.0,бТел
1290,11:04:12,57.92,0.0,3,17378.0,бТел
1291,11:04:24,57.94,0.01999999999999602,2,11588.0,бРел
1292,11:04:27,57.94,0.0,1,5794.0,бРел
1293,11:04:30,57.94,0.0,1,5794.0,бРел
1294,11:04:36,57.9,-0.03999999999999915,4,23163.0,бТел
1295,11:04:39,57.9,0.0,1,5790.0,бРел
1296,11:04:42,57.94,0.03999999999999915,1,5794.0,бРел
1297,11:05:00,57.91,-0.030000000000001137,6,34750.0,бТел
1298,11:05:06,57.94,0.030000000000001137,2,11588.0,бРел
1299,11:05:15,57.91,-0.030000000000001137,5,28967.0,бТел
1300,11:05:21,57.99,0.0800000000000054,2,11598.0,бРел
1301,11:05:24,57.99,0.0,2,11597.0,бРел
1302,11:05:27,57.99,0.0,2,11598.0,бРел
1303,11:05:30,57.99,0.0,2,11598.0,бРел
1304,11:05:33,57.99,0.0,3,17397.0,бРел
1305,11:05:39,58.0,0.00999999999999801,1,5800.0,бРел
1306,11:05:51,58.0,0.0,2,11600.0,бРел
1307,11:06:06,58.02,0.020000000000003126,3,17406.0,бРел
1308,11:06:15,58.03,0.00999999999999801,8,46428.0,бТел
1309,11:06:24,58.0,-0.030000000000001137,2,11600.0,бРел
1310,11:06:30,58.0,0.0,5,29000.0,бРел
1311,11:06:33,57.99,-0.00999999999999801,42,243570.0,бТел
1312,11:06:42,57.98,-0.010000000000005116,4,23194.0,бТел
1313,11:06:48,57.97,-0.00999999999999801,2,11594.0,бРел
1314,11:06:54,57.97,0.0,1,5797.0,бРел
1315,11:07:06,57.97,0.0,2,11594.0,бТел
1316,11:07:30,57.97,0.0,13,75361.0,бТел
1317,11:07:39,57.89,-0.0799999999999983,1,5789.0,бТел
1318,11:08:00,57.86,-0.030000000000001137,44,254651.0,бТел
1319,11:08:09,57.86,0.0,46,266156.0,бРел
1320,11:08:12,57.91,0.04999999999999716,1,5791.0,бРел
1321,11:08:21,57.95,0.04000000000000625,1,5795.0,бРел
1322,11:08:30,57.95,0.0,1,5795.0,бРел
1323,11:08:33,57.95,0.0,1,5795.0,бТел
1324,11:08:39,57.96,0.00999999999999801,8,46356.0,бРел
1325,11:08:54,57.95,-0.00999999999999801,2,11590.0,бРел
1326,11:09:03,57.95,0.0,2,11590.0,жпптел
1327,11:09:06,57.95,0.0,3,17385.0,бРел
1328,11:09:42,57.92,-0.030000000000001137,4,23171.0,бТел
1329,11:09:48,57.94,0.01999999999999602,2,11588.0,бРел
1330,11:09:54,57.94,0.0,1,5794.0,бТел
1331,11:10:03,57.94,0.0,2,11588.0,бТел
1332,11:10:06,57.95,0.010000000000005116,4,23180.0,бРел
1333,11:10:09,57.95,0.0,20,115911.0,бТел
1334,11:10:12,57.96,0.00999999999999801,1,5796.0,бРел
1335,11:10:15,57.96,0.0,6,34776.0,бРел
1336,11:10:18,57.97,0.00999999999999801,29,168106.0,бРел
1337,11:10:21,57.97,0.0,31,179707.0,бРел
1338,11:10:24,58.05,0.0799999999999983,5,29025.0,бРел
1339,11:10:30,58.06,0.010000000000005116,3,17418.0,бРел
1340,11:10:33,58.05,-0.010000000000005116,1,5805.0,бРел
1341,11:10:45,58.05,0.0,1,5805.0,бРел
1342,11:10:51,58.07,0.020000000000003126,5,29035.0,бРел
1343,11:10:54,58.07,0.0,4,23228.0,бРел
1344,11:10:57,58.1,0.030000000000001137,1,5810.0,бРел
1345,11:11:03,58.1,0.0,4,23240.0,бРел
1346,11:11:06,58.1,0.0,3,17430.0,бРел
1347,11:11:15,58.1,0.0,3,17434.0,бТел
1348,11:11:21,58.1,0.0,1,5810.0,бТел
1349,11:11:27,58.08,-0.020000000000003126,17,98766.0,бТел
1350,11:11:30,58.1,0.020000000000003126,4,23240.0,бТел
1351,11:11:36,58.08,-0.020000000000003126,2,11616.0,бТел
1352,11:11:42,58.07,-0.00999999999999801,3,17433.0,бТел
1353,11:11:51,58.14,0.07000000000000028,2,11621.0,бРел
1354,11:11:54,58.13,-0.00999999999999801,4,23234.0,жпптел
1355,11:12:33,58.07,-0.060000000000002274,8,46456.0,бТел
1356,11:12:36,58.07,0.0,2,11614.0,бРел
1357,11:12:51,58.07,0.0,2,11614.0,бТел
1358,11:12:54,58.07,0.0,6,34842.0,бТел
1359,11:12:57,58.07,0.0,2,11614.0,бТел
1360,11:13:03,58.07,0.0,4,23226.0,бРел
1361,11:13:06,58.06,-0.00999999999999801,1,5806.0,жпптел
1362,11:13:33,58.06,0.0,3,17418.0,бРел
1363,11:13:36,58.06,0.0,3,17418.0,бРел
1364,11:13:39,58.07,0.00999999999999801,1,5807.0,бРел
1365,11:13:42,58.07,0.0,1,5807.0,бРел
1366,11:13:45,58.07,0.0,3,17421.0,бРел
1367,11:13:57,58.1,0.030000000000001137,3,17430.0,бРел
1368,11:14:00,58.1,0.0,2,11620.0,бРел
1369,11:14:06,58.09,-0.00999999999999801,6,34854.0,бТел
1370,11:14:21,58.09,0.0,1,5809.0,бТел
1371,11:14:30,58.09,0.0,4,23236.0,бТел
1372,11:14:33,58.0,-0.09000000000000341,19,110228.0,бТел
1373,11:14:39,58.0,0.0,9,52200.0,бРел
1374,11:14:54,58.0,0.0,1,5800.0,бРел
1375,11:14:57,58.0,0.0,4,23200.0,бРел
1376,11:15:03,58.0,0.0,3,17400.0,бТел
1377,11:15:06,58.07,0.07000000000000028,2,11614.0,бРел
1378,11:15:18,58.07,0.0,1,5807.0,бРел
1379,11:15:21,57.99,-0.0799999999999983,20,115998.0,бТел
1380,11:15:24,58.07,0.0799999999999983,1,5807.0,бРел
1381,11:15:39,57.99,-0.0799999999999983,20,115990.0,бТел
1382,11:15:42,57.99,0.0,1,5799.0,бРел
1383,11:15:48,57.99,0.0,1,5799.0,бРел
1384,11:15:51,57.99,0.0,5,28995.0,бРел
1385,11:16:03,57.98,-0.010000000000005116,1,5798.0,бРел
1386,11:16:21,57.97,-0.00999999999999801,1,5797.0,жпптел
1387,11:16:24,57.98,0.00999999999999801,2,11596.0,бРел
1388,11:16:33,57.98,0.0,1,5798.0,бРел
1389,11:16:42,57.98,0.0,1,5798.0,бРел
1390,11:16:54,57.98,0.0,1,5798.0,бРел
1391,11:17:03,57.98,0.0,2,11596.0,бРел
1392,11:17:06,57.98,0.0,1,5798.0,бРел
1393,11:17:15,57.99,0.010000000000005116,1,5799.0,бРел
1394,11:17:18,57.98,-0.010000000000005116,1,5798.0,бТел
1395,11:17:21,57.98,0.0,5,28990.0,бТел
1396,11:17:24,57.98,0.0,1,5798.0,бРел
1397,11:17:27,57.98,0.0,1,5798.0,бРел
1398,11:17:33,57.98,0.0,1,5798.0,бРел
1399,11:17:42,57.99,0.010000000000005116,1,5799.0,бРел
1400,11:17:48,57.9,-0.09000000000000341,1,5790.0,бТел
1401,11:17:57,57.99,0.09000000000000341,1,5799.0,бРел
1402,11:18:03,57.98,-0.010000000000005116,1,5798.0,жпптел
1403,11:18:24,57.98,0.0,2,11596.0,бРел
1404,11:18:36,57.98,0.0,1,5798.0,бРел
1405,11:18:39,57.98,0.0,1,5798.0,бРел
1406,11:18:42,57.98,0.0,1,5798.0,бРел
1407,11:18:51,57.99,0.010000000000005116,1,5799.0,бРел
1408,11:18:57,57.98,-0.010000000000005116,2,11596.0,бТел
1409,11:19:00,57.99,0.010000000000005116,27,156573.0,бРел
1410,11:19:21,57.99,0.0,29,168171.0,бРел
1411,11:19:24,57.99,0.0,1,5799.0,бРел
1412,11:19:27,57.99,0.0,110,637888.0,бРел
1413,11:19:30,58.0,0.00999999999999801,7,40596.0,бРел
1414,11:19:33,58.02,0.020000000000003126,1,5802.0,жпптел
1415,11:19:36,58.06,0.03999999999999915,1,5806.0,бРел
1416,11:19:39,58.06,0.0,1,5806.0,бРел
1417,11:19:42,58.06,0.0,1,5806.0,бРел
1418,11:19:45,58.07,0.00999999999999801,1,5807.0,бРел
1419,11:19:48,58.07,0.0,7,40649.0,бРел
1420,11:20:03,58.0,-0.07000000000000028,12,69646.0,бТел
1421,11:20:06,58.0,0.0,8,46400.0,бРел
1422,11:20:15,58.05,0.04999999999999716,1,5805.0,бРел
1423,11:20:24,58.07,0.020000000000003126,2,11614.0,бРел
1424,11:20:30,57.99,-0.0799999999999983,6,34794.0,бТел
1425,11:20:42,57.99,0.0,3,17397.0,бТел
1426,11:20:57,58.06,0.07000000000000028,8,46448.0,бРел
1427,11:21:03,57.99,-0.07000000000000028,5,29002.0,бТел
1428,11:21:09,57.98,-0.010000000000005116,2,11596.0,бТел
1429,11:21:36,57.91,-0.07000000000000028,3,17373.0,бТел
1430,11:21:42,57.98,0.07000000000000028,2,11596.0,бРел
1431,11:21:57,57.91,-0.07000000000000028,12,69492.0,бРел
1432,11:22:03,57.98,0.07000000000000028,1,5798.0,бРел
1433,11:22:30,57.97,-0.00999999999999801,1,5797.0,бРел
1434,11:22:36,57.92,-0.04999999999999716,6,34757.0,бТел
1435,11:22:42,57.95,0.030000000000001137,2,11590.0,жпптел
1436,11:22:54,57.96,0.00999999999999801,1,5796.0,бРел
1437,11:23:03,57.96,0.0,3,17384.0,бРел
1438,11:23:06,57.92,-0.03999999999999915,1,5792.0,бТел
1439,11:23:09,57.92,0.0,6,34752.0,бТел
1440,11:23:15,57.92,0.0,2,11588.0,бТел
1441,11:23:24,57.96,0.03999999999999915,2,11592.0,бРел
1442,11:23:42,57.92,-0.03999999999999915,30,173761.0,бТел
1443,11:23:45,57.92,0.0,1,5792.0,бТел
1444,11:23:54,57.92,0.0,8,46336.0,бРел
1445,11:24:03,57.92,0.0,1,5792.0,бТел
1446,11:24:06,57.92,0.0,3,17376.0,бТел
1447,11:24:24,57.95,0.030000000000001137,1,5795.0,бРел
1448,11:24:30,57.9,-0.05000000000000426,11,63708.0,бТел
1449,11:24:45,57.9,0.0,2,11580.0,бРел
1450,11:24:54,57.9,0.0,7,40530.0,бРел
1451,11:25:03,57.92,0.020000000000003126,2,11584.0,бТел
1452,11:25:06,57.95,0.030000000000001137,3,17385.0,бРел
1453,11:25:15,57.95,0.0,1,5795.0,бТел
1454,11:25:18,57.88,-0.07000000000000028,14,81066.0,бТел
1455,11:25:33,57.88,0.0,1,5788.0,бРел
1456,11:25:39,57.88,0.0,2,11576.0,бРел
1457,11:25:42,57.88,0.0,1,5788.0,бРел
1458,11:25:45,57.88,0.0,6,34728.0,бРел
1459,11:25:48,57.88,0.0,2,11576.0,бРел
1460,11:25:51,57.88,0.0,1,5788.0,бРел
1461,11:25:54,57.88,0.0,1,5788.0,бРел
1462,11:26:03,57.88,0.0,1,5788.0,бРел
1463,11:26:15,57.88,0.0,1,5788.0,бРел
1464,11:26:24,57.9,0.01999999999999602,2,11580.0,бРел
1465,11:26:33,57.85,-0.04999999999999716,4,23155.0,бТел
1466,11:26:45,57.85,0.0,4,23140.0,бТел
1467,11:26:51,57.85,0.0,1,5785.0,бТел
1468,11:26:54,57.95,0.10000000000000142,19,110105.0,бРел
1469,11:27:03,57.95,0.0,1,5795.0,бРел
1470,11:27:09,57.94,-0.010000000000005116,1,5794.0,бРел
1471,11:27:15,57.81,-0.12999999999999545,32,185002.0,бТел
1472,11:27:24,57.85,0.03999999999999915,2,11570.0,бРел
1473,11:27:33,57.81,-0.03999999999999915,10,57810.0,бТел
1474,11:27:36,57.83,0.01999999999999602,3,17349.0,бРел
1475,11:27:39,57.85,0.020000000000003126,2,11570.0,бТел
1476,11:28:03,57.84,-0.00999999999999801,1,5784.0,бРел
1477,11:28:15,57.95,0.10999999999999943,2,11590.0,бРел
1478,11:28:33,57.95,0.0,2,11590.0,бРел
1479,11:28:45,57.95,0.0,1,5795.0,бРел
1480,11:28:51,57.95,0.0,7,40565.0,бРел
1481,11:28:54,57.95,0.0,21,121694.0,бРел
1482,11:29:03,57.95,0.0,11,63741.0,бРел
1483,11:29:18,57.96,0.00999999999999801,2,11591.0,бРел
1484,11:29:27,57.95,-0.00999999999999801,2,11591.0,бТел
1485,11:29:33,57.83,-0.12000000000000455,5,28915.0,бТел
1486,11:29:42,57.94,0.10999999999999943,1,5794.0,бРел
1487,11:29:48,57.85,-0.0899999999999963,5,28925.0,бТел
1488,13:00:03,57.9,0.04999999999999716,38,220020.0,бТел
1489,13:00:06,57.94,0.03999999999999915,4,23163.0,бРел
1490,13:00:09,57.95,0.010000000000005116,10,57950.0,бРел
1491,13:00:12,57.96,0.00999999999999801,1,5796.0,бРел
1492,13:00:15,57.96,0.0,12,69552.0,бРел
1493,13:00:18,57.97,0.00999999999999801,1,5797.0,бРел
1494,13:00:21,58.0,0.030000000000001137,4,23199.0,бРел
1495,13:00:24,58.06,0.060000000000002274,2,11612.0,бРел
1496,13:00:30,58.07,0.00999999999999801,5,29035.0,бРел
1497,13:00:33,58.06,-0.00999999999999801,4,23230.0,бТел
1498,13:00:36,58.08,0.01999999999999602,1,5808.0,бРел
1499,13:00:39,58.08,0.0,2,11616.0,бРел
1500,13:00:42,58.08,0.0,3,17422.0,бРел
1501,13:00:48,58.1,0.020000000000003126,13,75529.0,бРел
1502,13:00:51,58.11,0.00999999999999801,3,17433.0,бРел
1503,13:00:54,58.11,0.0,12,69736.0,бТел
1504,13:01:03,58.1,-0.00999999999999801,15,87152.0,бТел
1505,13:01:06,58.06,-0.03999999999999915,9,52286.0,бТел
1506,13:01:42,58.06,0.0,7,40642.0,бТел
1507,13:02:00,58.06,0.0,1,5806.0,бРел
1508,13:02:33,58.06,0.0,3,17417.0,бРел
1509,13:02:45,58.0,-0.060000000000002274,6,34800.0,бТел
1510,13:02:54,58.0,0.0,7,40600.0,бТел
1511,13:02:57,58.06,0.060000000000002274,3,17418.0,бРел
1512,13:03:21,58.01,-0.05000000000000426,4,23204.0,бТел
1513,13:03:24,58.06,0.05000000000000426,2,11612.0,бРел
1514,13:03:27,58.06,0.0,5,29030.0,бРел
1515,13:03:30,58.01,-0.05000000000000426,1,5801.0,бТел
1516,13:03:45,58.06,0.05000000000000426,3,17418.0,бРел
1517,13:03:54,58.08,0.01999999999999602,1,5808.0,бТел
1518,13:03:57,58.1,0.020000000000003126,8,46480.0,бРел
1519,13:04:03,58.1,0.0,3,17430.0,бРел
1520,13:04:24,58.12,0.01999999999999602,4,23247.0,бРел
1521,13:04:30,58.08,-0.03999999999999915,24,139406.0,бТел
1522,13:04:33,58.05,-0.030000000000001137,1,5805.0,бТел
1523,13:04:39,58.06,0.010000000000005116,5,29030.0,бРел
1524,13:05:03,58.05,-0.010000000000005116,1,5805.0,бРел
1525,13:05:18,58.06,0.010000000000005116,8,46448.0,бРел
1526,13:05:30,58.12,0.05999999999999517,5,29060.0,бРел
1527,13:05:36,58.06,-0.05999999999999517,8,46454.0,бТел
1528,13:05:48,58.14,0.0799999999999983,5,29069.0,бРел
1529,13:05:54,58.13,-0.00999999999999801,8,46504.0,жпптел
1530,13:06:09,58.13,0.0,1,5813.0,бРел
1531,13:06:42,58.08,-0.05000000000000426,10,58080.0,бТел
1532,13:06:48,58.11,0.030000000000001137,3,17435.0,жпптел
1533,13:06:54,58.11,0.0,9,52299.0,бТел
1534,13:06:57,58.13,0.020000000000003126,5,29063.0,бРел
1535,13:07:00,58.13,0.0,2,11626.0,бТел
1536,13:07:18,58.1,-0.030000000000001137,3,17432.0,бТел
1537,13:07:24,58.1,0.0,1,5810.0,бТел
1538,13:07:27,58.1,0.0,1,5810.0,бТел
1539,13:07:36,58.1,0.0,1,5810.0,бТел
1540,13:07:42,58.05,-0.05000000000000426,17,98716.0,бТел
1541,13:07:48,58.05,0.0,5,29025.0,бРел
1542,13:08:03,58.02,-0.02999999999999403,1,5802.0,бТел
1543,13:08:09,58.02,0.0,1,5802.0,бТел
1544,13:08:15,57.82,-0.20000000000000284,53,307029.0,бТел
1545,13:08:36,57.89,0.07000000000000028,1,5789.0,бРел
1546,13:09:09,57.9,0.00999999999999801,1,5790.0,бТел
1547,13:09:15,58.09,0.19000000000000483,1,5809.0,бРел
1548,13:09:21,58.09,0.0,2,11618.0,бРел
1549,13:09:30,58.08,-0.010000000000005116,1,5808.0,жпптел
1550,13:09:48,58.08,0.0,2,11616.0,бРел
1551,13:10:00,58.09,0.010000000000005116,6,34854.0,бРел
1552,13:10:03,58.09,0.0,2,11618.0,бТел
1553,13:10:09,58.1,0.00999999999999801,7,40670.0,бРел
1554,13:10:15,58.11,0.00999999999999801,2,11622.0,бТел
1555,13:10:21,58.11,0.0,2,11622.0,бТел
1556,13:10:24,58.11,0.0,3,17433.0,бТел
1557,13:10:27,58.1,-0.00999999999999801,4,23240.0,бТел
1558,13:10:33,58.1,0.0,4,23240.0,бТел
1559,13:10:36,58.1,0.0,2,11620.0,бТел
1560,13:10:39,58.1,0.0,8,46480.0,бТел
1561,13:10:42,58.1,0.0,2,11620.0,бТел
1562,13:10:45,58.1,0.0,19,110377.0,бРел
1563,13:10:48,58.09,-0.00999999999999801,6,34854.0,бТел
1564,13:11:21,58.03,-0.060000000000002274,1,5803.0,бТел
1565,13:11:24,58.05,0.01999999999999602,1,5805.0,жпптел
1566,13:11:27,58.05,0.0,1,5805.0,бТел
1567,13:11:30,58.05,0.0,2,11610.0,бРел
1568,13:11:36,58.03,-0.01999999999999602,1,5803.0,бТел
1569,13:11:54,58.08,0.04999999999999716,1,5808.0,бРел
1570,13:11:57,58.08,0.0,6,34848.0,бРел
1571,13:12:06,58.08,0.0,1,5808.0,бРел
1572,13:12:12,58.08,0.0,7,40644.0,бРел
1573,13:12:15,58.08,0.0,1,5808.0,бТел
1574,13:12:27,58.05,-0.030000000000001137,1,5805.0,бТел
1575,13:12:30,58.05,0.0,6,34830.0,бТел
1576,13:12:48,58.01,-0.03999999999999915,1,5801.0,бТел
1577,13:12:57,58.03,0.020000000000003126,1,5803.0,бРел
1578,13:13:06,58.0,-0.030000000000001137,6,34808.0,бТел
1579,13:13:15,58.02,0.020000000000003126,2,11604.0,бТел
1580,13:13:18,58.03,0.00999999999999801,1,5803.0,бРел
1581,13:13:30,58.08,0.04999999999999716,2,11616.0,бРел
1582,13:13:33,58.09,0.010000000000005116,2,11618.0,бРел
1583,13:13:36,58.1,0.00999999999999801,5,29050.0,бРел
1584,13:13:39,58.09,-0.00999999999999801,7,40668.0,бТел
1585,13:13:45,58.11,0.01999999999999602,9,52297.0,бРел
1586,13:13:48,58.09,-0.01999999999999602,18,104502.0,бТел
1587,13:13:54,58.1,0.00999999999999801,5,29050.0,жпптел
1588,13:13:57,58.11,0.00999999999999801,7,40677.0,бРел
1589,13:14:06,58.07,-0.03999999999999915,8,46467.0,бТел
1590,13:14:15,58.11,0.03999999999999915,6,34865.0,бРел
1591,13:14:18,58.12,0.00999999999999801,2,11624.0,бРел
1592,13:14:21,58.13,0.010000000000005116,2,11626.0,бРел
1593,13:14:27,58.15,0.01999999999999602,2,11630.0,бРел
1594,13:14:36,58.19,0.03999999999999915,14,81437.0,бРел
1595,13:14:54,58.2,0.010000000000005116,9,52379.0,бРел
1596,13:14:57,58.2,0.0,1,5820.0,бТел
1597,13:15:03,58.2,0.0,5,29100.0,бТел
1598,13:15:15,58.2,0.0,16,93129.0,бТел
1599,13:15:21,58.19,-0.010000000000005116,2,11638.0,бРел
1600,13:15:51,58.14,-0.04999999999999716,3,17442.0,бТел
1601,13:16:03,58.16,0.01999999999999602,1,5816.0,бРел
1602,13:16:21,58.18,0.020000000000003126,10,58180.0,бРел
1603,13:16:27,58.2,0.020000000000003126,15,87288.0,бРел
1604,13:16:33,58.2,0.0,3,17460.0,бТел
1605,13:16:36,58.2,0.0,1,5820.0,бТел
1606,13:16:39,58.26,0.05999999999999517,6,34956.0,бРел
1607,13:16:48,58.27,0.010000000000005116,11,64086.0,бРел
1608,13:17:06,58.26,-0.010000000000005116,6,34954.0,бРел
1609,13:17:12,58.27,0.010000000000005116,5,29135.0,бРел
1610,13:17:15,58.27,0.0,3,17481.0,бРел
1611,13:17:24,58.27,0.0,2,11654.0,бРел
1612,13:17:39,58.27,0.0,4,23308.0,бТел
1613,13:17:45,58.3,0.02999999999999403,14,81614.0,бРел
1614,13:17:54,58.33,0.030000000000001137,1,5833.0,бРел
1615,13:18:00,58.38,0.05000000000000426,27,157611.0,бРел
1616,13:18:06,58.4,0.01999999999999602,1,5840.0,бРел
1617,13:18:15,58.4,0.0,7,40882.0,бТел
1618,13:18:18,58.4,0.0,1,5840.0,бРел
1619,13:18:24,58.39,-0.00999999999999801,3,17517.0,бТел
1620,13:18:27,58.4,0.00999999999999801,3,17520.0,бРел
1621,13:18:33,58.39,-0.00999999999999801,1,5839.0,бТел
1622,13:18:39,58.39,0.0,12,70068.0,бТел
1623,13:18:42,58.4,0.00999999999999801,23,134317.0,бРел
1624,13:18:48,58.39,-0.00999999999999801,1,5839.0,бРел
1625,13:18:54,58.39,0.0,6,35031.0,бРел
1626,13:19:03,58.34,-0.04999999999999716,3,17498.0,жпптел
1627,13:19:06,58.39,0.04999999999999716,4,23351.0,бРел
1628,13:19:09,58.4,0.00999999999999801,2,11680.0,бРел
1629,13:19:27,58.42,0.020000000000003126,3,17526.0,бТел
1630,13:19:33,58.42,0.0,2,11684.0,бРел
1631,13:19:39,58.42,0.0,3,17525.0,бРел
1632,13:19:42,58.41,-0.010000000000005116,2,11682.0,бТел
1633,13:19:51,58.41,0.0,2,11682.0,бТел
1634,13:19:57,58.41,0.0,2,11682.0,бТел
1635,13:20:00,58.41,0.0,3,17523.0,бТел
1636,13:20:06,58.43,0.020000000000003126,4,23370.0,бРел
1637,13:20:09,58.41,-0.020000000000003126,9,52569.0,бТел
1638,13:20:18,58.43,0.020000000000003126,1,5843.0,бРел
1639,13:20:24,58.43,0.0,2,11685.0,бРел
1640,13:20:27,58.43,0.0,7,40901.0,бРел
1641,13:20:30,58.42,-0.00999999999999801,4,23371.0,бТел
1642,13:20:33,58.43,0.00999999999999801,6,35052.0,бРел
1643,13:20:36,58.43,0.0,5,29221.0,бТел
1644,13:20:42,58.45,0.020000000000003126,2,11690.0,бРел
1645,13:20:45,58.44,-0.010000000000005116,2,11689.0,бТел
1646,13:20:48,58.45,0.010000000000005116,1,5845.0,бРел
1647,13:20:51,58.44,-0.010000000000005116,1,5844.0,жпптел
1648,13:21:00,58.46,0.020000000000003126,2,11692.0,бТел
1649,13:21:06,58.45,-0.00999999999999801,15,87705.0,бТел
1650,13:21:15,58.5,0.04999999999999716,21,122831.0,бРел
1651,13:21:18,58.47,-0.030000000000001137,3,17541.0,жпптел
1652,13:21:21,58.47,0.0,2,11694.0,бРел
1653,13:21:24,58.49,0.020000000000003126,2,11698.0,бРел
1654,13:21:27,58.5,0.00999999999999801,1,5850.0,бРел
1655,13:21:33,58.47,-0.030000000000001137,3,17541.0,бТел
1656,13:21:36,58.45,-0.01999999999999602,32,187092.0,бТел
1657,13:21:39,58.45,0.0,9,52617.0,бТел
1658,13:21:42,58.45,0.0,3,17535.0,бРел
1659,13:21:54,58.47,0.01999999999999602,24,140381.0,бТел
1660,13:21:57,58.5,0.030000000000001137,3,17550.0,бРел
1661,13:22:00,58.47,-0.030000000000001137,1,5847.0,бТел
1662,13:22:03,58.47,0.0,5,29235.0,бТел
1663,13:22:21,58.48,0.00999999999999801,5,29241.0,жпптел
1664,13:22:24,58.47,-0.00999999999999801,1,5847.0,бТел
1665,13:22:33,58.47,0.0,4,23385.0,бРел
1666,13:22:36,58.46,-0.00999999999999801,2,11692.0,бТел
1667,13:22:39,58.44,-0.020000000000003126,2,11688.0,бТел
1668,13:22:42,58.44,0.0,1,5844.0,бТел
1669,13:22:48,58.44,0.0,3,17532.0,бТел
1670,13:22:51,58.44,0.0,5,29220.0,бТел
1671,13:22:57,58.44,0.0,3,17532.0,бТел
1672,13:23:00,58.44,0.0,2,11688.0,бРел
1673,13:23:06,58.45,0.010000000000005116,57,333058.0,бРел
1674,13:23:09,58.45,0.0,2,11690.0,бТел
1675,13:23:12,58.45,0.0,2,11688.0,бРел
1676,13:23:15,58.43,-0.020000000000003126,2,11687.0,бТел
1677,13:23:18,58.43,0.0,10,58432.0,бТел
1678,13:23:24,58.45,0.020000000000003126,14,81812.0,бРел
1679,13:23:27,58.45,0.0,8,46760.0,бТел
1680,13:23:42,58.43,-0.020000000000003126,13,75965.0,бТел
1681,13:23:51,58.45,0.020000000000003126,4,23380.0,бРел
1682,13:23:54,58.43,-0.020000000000003126,8,46744.0,бТел
1683,13:24:09,58.43,0.0,9,52587.0,бТел
1684,13:24:12,58.43,0.0,1,5843.0,бТел
1685,13:24:15,58.44,0.00999999999999801,2,11688.0,бРел
1686,13:24:18,58.44,0.0,7,40908.0,бРел
1687,13:24:24,58.43,-0.00999999999999801,4,23375.0,бТел
1688,13:24:27,58.44,0.00999999999999801,1,5844.0,жпптел
1689,13:24:33,58.44,0.0,10,58431.0,бРел
1690,13:24:39,58.43,-0.00999999999999801,3,17529.0,бТел
1691,13:24:45,58.43,0.0,2,11686.0,бТел
1692,13:24:57,58.43,0.0,1,5843.0,бТел
1693,13:25:03,58.43,0.0,2,11686.0,бТел
1694,13:25:06,58.43,0.0,1,5843.0,бТел
1695,13:25:15,58.43,0.0,10,58430.0,бТел
1696,13:25:24,58.44,0.00999999999999801,2,11688.0,бРел
1697,13:25:30,58.43,-0.00999999999999801,4,23372.0,бТел
1698,13:25:36,58.43,0.0,3,17529.0,бТел
1699,13:25:42,58.43,0.0,6,35058.0,бТел
1700,13:25:51,58.43,0.0,2,11686.0,бТел
1701,13:26:00,58.43,0.0,8,46745.0,бТел
1702,13:26:06,58.42,-0.00999999999999801,6,35056.0,бТел
1703,13:26:09,58.42,0.0,3,17526.0,бРел
1704,13:26:12,58.4,-0.020000000000003126,12,70085.0,бТел
1705,13:26:18,58.42,0.020000000000003126,1,5842.0,бРел
1706,13:26:24,58.44,0.01999999999999602,10,58433.0,бРел
1707,13:26:27,58.44,0.0,1,5844.0,бРел
1708,13:26:33,58.43,-0.00999999999999801,8,46756.0,бТел
1709,13:26:36,58.45,0.020000000000003126,8,46759.0,бРел
1710,13:26:39,58.41,-0.04000000000000625,9,52583.0,бТел
1711,13:26:45,58.46,0.05000000000000426,1,5846.0,бРел
1712,13:26:48,58.47,0.00999999999999801,1,5847.0,бРел
1713,13:26:51,58.48,0.00999999999999801,1,5848.0,жпптел
1714,13:27:03,58.5,0.020000000000003126,4,23397.0,бРел
1715,13:27:15,58.5,0.0,7,40950.0,бРел
1716,13:27:21,58.52,0.020000000000003126,2,11704.0,бРел
1717,13:27:24,58.52,0.0,4,23409.0,бТел
1718,13:27:27,58.53,0.00999999999999801,2,11706.0,бРел
1719,13:27:33,58.55,0.01999999999999602,1,5855.0,бРел
1720,13:27:36,58.55,0.0,1,5855.0,бРел
1721,13:27:45,58.56,0.010000000000005116,8,46848.0,бРел
1722,13:27:48,58.56,0.0,1,5856.0,бРел
1723,13:27:51,58.57,0.00999999999999801,15,87855.0,бРел
1724,13:27:54,58.58,0.00999999999999801,23,134742.0,бРел
1725,13:28:00,58.69,0.10999999999999943,6,35226.0,жпптел
1726,13:28:03,58.72,0.030000000000001137,4,23488.0,бРел
1727,13:28:06,58.72,0.0,5,29360.0,бРел
1728,13:28:12,58.76,0.03999999999999915,4,23501.0,бРел
1729,13:28:15,58.77,0.010000000000005116,2,11753.0,бРел
1730,13:28:18,58.75,-0.020000000000003126,12,70512.0,бТел
1731,13:28:21,58.77,0.020000000000003126,4,23507.0,бРел
1732,13:28:24,58.76,-0.010000000000005116,2,11752.0,жпптел
1733,13:28:27,58.76,0.0,10,58760.0,бРел
1734,13:28:30,58.75,-0.00999999999999801,2,11750.0,бТел
1735,13:28:36,58.74,-0.00999999999999801,6,35244.0,бТел
1736,13:28:39,58.75,0.00999999999999801,3,17623.0,бРел
1737,13:28:45,58.73,-0.020000000000003126,6,35238.0,бТел
1738,13:28:48,58.72,-0.00999999999999801,15,88081.0,бТел
1739,13:28:51,58.71,-0.00999999999999801,2,11742.0,бТел
1740,13:29:12,58.71,0.0,4,23482.0,бРел
1741,13:29:15,58.72,0.00999999999999801,2,11744.0,бРел
1742,13:29:18,58.73,0.00999999999999801,8,46970.0,бРел
1743,13:29:21,58.72,-0.00999999999999801,1,5872.0,бТел
1744,13:29:24,58.72,0.0,1,5872.0,бТел
1745,13:29:33,58.73,0.00999999999999801,4,23492.0,бРел
1746,13:29:36,58.72,-0.00999999999999801,4,23489.0,бТел
1747,13:29:42,58.72,0.0,8,46976.0,бТел
1748,13:29:45,58.72,0.0,24,140944.0,бТел
1749,13:29:51,58.74,0.020000000000003126,12,70484.0,бРел
1750,13:29:54,58.71,-0.030000000000001137,46,270074.0,бТел
1751,13:30:06,58.66,-0.05000000000000426,2,11732.0,бТел
1752,13:30:09,58.68,0.020000000000003126,3,17604.0,бРел
1753,13:30:21,58.65,-0.030000000000001137,5,29325.0,бТел
1754,13:30:27,58.6,-0.04999999999999716,17,99662.0,бТел
1755,13:30:33,58.6,0.0,2,11720.0,бРел
1756,13:30:36,58.6,0.0,2,11720.0,бРел
1757,13:30:45,58.6,0.0,1,5860.0,бРел
1758,13:30:51,58.59,-0.00999999999999801,1,5859.0,жпптел
1759,13:30:54,58.58,-0.010000000000005116,3,17574.0,бТел
1760,13:31:03,58.58,0.0,1,5858.0,бТел
1761,13:31:12,58.57,-0.00999999999999801,1,5857.0,бТел
1762,13:31:15,58.57,0.0,1,5857.0,бРел
1763,13:31:27,58.57,0.0,5,29285.0,бРел
1764,13:31:30,58.57,0.0,2,11714.0,бТел
1765,13:31:36,58.53,-0.03999999999999915,2,11706.0,бТел
1766,13:31:39,58.53,0.0,2,11706.0,бТел
1767,13:31:42,58.52,-0.00999999999999801,1,5852.0,бТел
1768,13:31:45,58.52,0.0,1,5852.0,бТел
1769,13:31:54,58.52,0.0,1,5852.0,бТел
1770,13:32:00,58.56,0.03999999999999915,1,5856.0,бРел
1771,13:32:06,58.54,-0.020000000000003126,5,29270.0,бТел
1772,13:32:09,58.54,0.0,4,23416.0,бТел
1773,13:32:24,58.53,-0.00999999999999801,1,5853.0,бРел
1774,13:32:27,58.54,0.00999999999999801,1,5854.0,бРел
1775,13:32:36,58.5,-0.03999999999999915,9,52656.0,бТел
1776,13:32:39,58.54,0.03999999999999915,11,64374.0,бРел
1777,13:33:06,58.47,-0.07000000000000028,1,5847.0,бТел
1778,13:33:12,58.54,0.07000000000000028,2,11708.0,бРел
1779,13:33:24,58.55,0.00999999999999801,2,11710.0,бРел
1780,13:33:42,58.55,0.0,3,17565.0,бТел
1781,13:33:51,58.55,0.0,6,35130.0,бТел
1782,13:33:57,58.56,0.010000000000005116,27,158088.0,бРел
1783,13:34:09,58.55,-0.010000000000005116,1,5855.0,бТел
1784,13:34:12,58.55,0.0,3,17565.0,бТел
1785,13:34:18,58.56,0.010000000000005116,2,11712.0,бРел
1786,13:34:21,58.56,0.0,8,46848.0,бРел
1787,13:34:24,58.56,0.0,3,17568.0,бРел
1788,13:34:33,58.62,0.05999999999999517,1,5862.0,жпптел
1789,13:34:39,58.64,0.020000000000003126,4,23456.0,жпптел
1790,13:34:57,58.62,-0.020000000000003126,5,29316.0,бТел
1791,13:35:00,58.68,0.060000000000002274,8,46942.0,бРел
1792,13:35:21,58.67,-0.00999999999999801,1,5867.0,бРел
1793,13:35:24,58.67,0.0,3,17601.0,бРел
1794,13:35:27,58.66,-0.010000000000005116,3,17598.0,жпптел
1795,13:35:30,58.7,0.04000000000000625,8,46948.0,бРел
1796,13:35:36,58.7,0.0,3,17610.0,бРел
1797,13:35:42,58.7,0.0,1,5870.0,бРел
1798,13:35:45,58.69,-0.010000000000005116,1,5869.0,бТел
1799,13:35:54,58.71,0.020000000000003126,11,64571.0,бРел
1800,13:35:57,58.71,0.0,3,17613.0,бРел
1801,13:36:03,58.72,0.00999999999999801,3,17619.0,бТел
1802,13:36:06,58.72,0.0,4,23490.0,бТел
1803,13:36:12,58.74,0.020000000000003126,5,29363.0,жпптел
1804,13:36:18,58.74,0.0,4,23496.0,бТел
1805,13:36:27,58.73,-0.010000000000005116,4,23493.0,бТел
1806,13:36:30,58.69,-0.03999999999999915,5,29348.0,бТел
1807,13:36:36,58.65,-0.03999999999999915,6,35200.0,бТел
1808,13:36:51,58.62,-0.030000000000001137,1,5862.0,бТел
1809,13:36:57,58.62,0.0,5,29324.0,бТел
1810,13:37:18,58.66,0.03999999999999915,1,5866.0,бРел
1811,13:37:21,58.62,-0.03999999999999915,2,11728.0,бТел
1812,13:37:42,58.64,0.020000000000003126,2,11731.0,бТел
1813,13:37:45,58.67,0.030000000000001137,1,5867.0,жпптел
1814,13:37:51,58.71,0.03999999999999915,6,35223.0,бРел
1815,13:37:54,58.7,-0.00999999999999801,1,5870.0,бРел
1816,13:38:06,58.62,-0.0800000000000054,1,5862.0,бТел
1817,13:38:15,58.63,0.010000000000005116,3,17589.0,бТел
1818,13:38:33,58.65,0.01999999999999602,1,5865.0,бРел
1819,13:38:36,58.62,-0.030000000000001137,9,52762.0,бТел
1820,13:38:45,58.62,0.0,1,5862.0,жпптел
1821,13:39:30,58.65,0.030000000000001137,1,5865.0,бРел
1822,13:39:36,58.63,-0.01999999999999602,1,5863.0,бТел
1823,13:39:42,58.65,0.01999999999999602,2,11730.0,бРел
1824,13:39:45,58.63,-0.01999999999999602,1,5863.0,бТел
1825,13:39:48,58.65,0.01999999999999602,1,5865.0,бРел
1826,13:40:00,58.68,0.030000000000001137,3,17604.0,жпптел
1827,13:40:15,58.68,0.0,1,5868.0,бРел
1828,13:40:18,58.68,0.0,2,11732.0,бРел
1829,13:40:24,58.63,-0.04999999999999716,8,46919.0,бТел
1830,13:40:27,58.69,0.05999999999999517,7,41083.0,бРел
1831,13:40:30,58.63,-0.05999999999999517,5,29316.0,бТел
1832,13:40:33,58.62,-0.010000000000005116,6,35173.0,бТел
1833,13:40:36,58.57,-0.04999999999999716,8,46865.0,бТел
1834,13:41:03,58.6,0.030000000000001137,1,5860.0,бРел
1835,13:41:15,58.63,0.030000000000001137,3,17587.0,жпптел
1836,13:41:18,58.62,-0.010000000000005116,4,23448.0,бТел
1837,13:41:21,58.62,0.0,1,5862.0,бТел
1838,13:41:27,58.65,0.030000000000001137,1,5865.0,бРел
1839,13:42:18,58.59,-0.05999999999999517,2,11705.0,бРел
1840,13:42:21,58.59,0.0,1,5859.0,бРел
1841,13:42:27,58.59,0.0,2,11718.0,бРел
1842,13:42:33,58.58,-0.010000000000005116,2,11718.0,жпптел
1843,13:42:57,58.53,-0.04999999999999716,6,35118.0,бТел
1844,13:43:00,58.49,-0.03999999999999915,5,29257.0,бТел
1845,13:43:03,58.45,-0.03999999999999915,3,17535.0,бТел
1846,13:43:21,58.45,0.0,20,116900.0,бТел
1847,13:43:24,58.4,-0.05000000000000426,5,29210.0,бТел
1848,13:43:27,58.4,0.0,5,29201.0,бТел
1849,13:43:33,58.38,-0.01999999999999602,5,29192.0,бТел
1850,13:43:45,58.5,0.11999999999999744,7,40878.0,жпптел
1851,13:43:48,58.34,-0.1599999999999966,11,64190.0,бТел
1852,13:43:51,58.34,0.0,4,23345.0,бТел
1853,13:43:54,58.34,0.0,2,11668.0,бТел
1854,13:43:57,58.34,0.0,2,11668.0,бТел
1855,13:44:09,58.34,0.0,3,17502.0,бТел
1856,13:44:12,58.27,-0.07000000000000028,46,268225.0,бТел
1857,13:44:15,58.3,0.02999999999999403,6,34980.0,бРел
1858,13:44:21,58.2,-0.09999999999999432,2,11640.0,бТел
1859,13:44:33,58.21,0.00999999999999801,5,29105.0,бТел
1860,13:44:36,58.2,-0.00999999999999801,1,5820.0,бТел
1861,13:44:39,58.02,-0.17999999999999972,14,81341.0,бТел
1862,13:44:42,58.0,-0.020000000000003126,15,87008.0,бТел
1863,13:44:45,58.01,0.00999999999999801,3,17403.0,жпптел
1864,13:44:51,58.24,0.23000000000000398,3,17473.0,бТел
1865,13:44:54,58.01,-0.23000000000000398,3,17404.0,бТел
1866,13:44:57,58.24,0.23000000000000398,5,29120.0,бТел
1867,13:45:00,58.01,-0.23000000000000398,5,29005.0,бТел
1868,13:45:06,58.01,0.0,5,29011.0,бТел
1869,13:45:09,58.03,0.020000000000003126,5,29015.0,бТел
1870,13:45:33,58.05,0.01999999999999602,3,17415.0,бТел
1871,13:45:42,58.1,0.05000000000000426,1,5810.0,жпптел
1872,13:45:48,58.1,0.0,8,46480.0,бТел
1873,13:45:51,58.11,0.00999999999999801,5,29055.0,жпптел
1874,13:45:54,58.1,-0.00999999999999801,4,23240.0,бТел
1875,13:46:03,58.12,0.01999999999999602,1,5812.0,жпптел
1876,13:46:24,58.2,0.0800000000000054,2,11640.0,бРел
1877,13:46:27,58.16,-0.04000000000000625,3,17448.0,бТел
1878,13:46:33,58.13,-0.02999999999999403,6,34890.0,бТел
1879,13:46:36,58.15,0.01999999999999602,2,11630.0,бРел
1880,13:46:39,58.15,0.0,4,23254.0,бРел
1881,13:46:45,58.15,0.0,3,17444.0,бРел
1882,13:46:48,58.12,-0.030000000000001137,16,92999.0,бТел
1883,13:46:51,58.11,-0.00999999999999801,11,63922.0,бТел
1884,13:46:54,58.11,0.0,3,17433.0,бТел
1885,13:46:57,58.11,0.0,6,34875.0,бТел
1886,13:47:00,58.11,0.0,5,29059.0,бТел
1887,13:47:03,58.15,0.03999999999999915,1,5815.0,бРел
1888,13:47:06,58.11,-0.03999999999999915,1,5811.0,бТел
1889,13:47:12,58.11,0.0,7,40683.0,бТел
1890,13:47:15,58.11,0.0,4,23245.0,бТел
1891,13:47:18,58.12,0.00999999999999801,17,98840.0,бТел
1892,13:47:21,58.12,0.0,3,17436.0,бТел
1893,13:47:24,58.12,0.0,2,11624.0,жпптел
1894,13:47:33,58.15,0.030000000000001137,2,11630.0,бРел
1895,13:47:36,58.16,0.00999999999999801,2,11632.0,жпптел
1896,13:47:51,58.19,0.030000000000001137,2,11638.0,бТел
1897,13:47:54,58.2,0.010000000000005116,7,40737.0,бРел
1898,13:47:57,58.1,-0.10000000000000142,35,203583.0,бТел
1899,13:48:00,58.1,0.0,7,40672.0,бТел
1900,13:48:06,58.06,-0.03999999999999915,5,29030.0,бТел
1901,13:48:09,58.06,0.0,1,5806.0,бТел
1902,13:48:12,58.01,-0.05000000000000426,20,116028.0,бТел
1903,13:48:27,58.01,0.0,2,11602.0,бТел
1904,13:48:30,58.01,0.0,2,11602.0,бТел
1905,13:48:33,57.98,-0.030000000000001137,9,52204.0,бТел
1906,13:49:27,58.0,0.020000000000003126,20,115989.0,бРел
1907,13:49:33,57.94,-0.060000000000002274,22,127495.0,бТел
1908,13:49:36,57.95,0.010000000000005116,2,11590.0,бРел
1909,13:49:45,57.94,-0.010000000000005116,1,5794.0,бТел
1910,13:49:48,57.95,0.010000000000005116,5,28975.0,бРел
1911,13:49:54,57.93,-0.020000000000003126,1,5793.0,бТел
1912,13:50:00,57.93,0.0,5,28965.0,бРел
1913,13:50:21,57.91,-0.020000000000003126,40,231687.0,бТел
1914,13:50:30,57.94,0.030000000000001137,1,5794.0,бРел
1915,13:50:45,57.9,-0.03999999999999915,29,167948.0,бТел
1916,13:50:54,57.9,0.0,10,57900.0,бРел
1917,13:50:57,57.9,0.0,5,28950.0,бРел
1918,13:51:00,57.9,0.0,1,5790.0,бРел
1919,13:51:03,57.9,0.0,1,5790.0,бРел
1920,13:51:09,57.9,0.0,4,23160.0,бРел
1921,13:51:15,57.9,0.0,9,52110.0,жпптел
1922,13:51:21,57.92,0.020000000000003126,10,57922.0,бТел
1923,13:51:24,57.92,0.0,1,5792.0,бТел
1924,13:51:33,57.91,-0.010000000000005116,2,11582.0,бТел
1925,13:51:39,57.91,0.0,4,23164.0,бРел
1926,13:51:51,57.91,0.0,1,5791.0,бТел
1927,13:52:00,57.94,0.030000000000001137,2,11588.0,бРел
1928,13:52:09,57.94,0.0,2,11588.0,бТел
1929,13:52:12,57.94,0.0,2,11588.0,бТел
1930,13:52:15,57.92,-0.01999999999999602,1,5792.0,бТел
1931,13:52:45,57.94,0.01999999999999602,1,5794.0,бТел
1932,13:52:48,57.94,0.0,1,5794.0,бТел
1933,13:53:00,57.94,0.0,1,5794.0,бТел
1934,13:53:09,57.95,0.010000000000005116,69,399753.0,бРел
1935,13:53:18,58.0,0.04999999999999716,3,17400.0,бРел
1936,13:53:27,58.0,0.0,5,29000.0,бРел
1937,13:53:30,58.0,0.0,15,87000.0,бРел
1938,13:53:33,58.0,0.0,29,168202.0,бРел
1939,13:53:36,58.0,0.0,2,11600.0,бРел
1940,13:53:39,58.02,0.020000000000003126,4,23208.0,жпптел
1941,13:53:42,58.01,-0.010000000000005116,3,17411.0,бТел
1942,13:53:48,58.0,-0.00999999999999801,19,110210.0,бТел
1943,13:53:51,58.0,0.0,5,29000.0,бТел
1944,13:53:54,58.0,0.0,3,17402.0,бТел
1945,13:54:00,58.0,0.0,2,11600.0,бТел
1946,13:54:18,58.0,0.0,1,5800.0,бТел
1947,13:54:42,58.08,0.0799999999999983,3,17424.0,бРел
1948,13:54:45,58.0,-0.0799999999999983,3,17400.0,бТел
1949,13:54:51,58.0,0.0,8,46400.0,бТел
1950,13:55:03,57.98,-0.020000000000003126,1,5798.0,бТел
1951,13:55:09,57.96,-0.01999999999999602,2,11592.0,бТел
1952,13:55:27,58.0,0.03999999999999915,2,11600.0,бРел
1953,13:55:42,57.97,-0.030000000000001137,1,5797.0,жпптел
1954,13:56:03,57.98,0.00999999999999801,1,5798.0,бТел
1955,13:56:06,57.98,0.0,1,5798.0,бТел
1956,13:56:33,58.0,0.020000000000003126,2,11600.0,бРел
1957,13:56:36,57.99,-0.00999999999999801,1,5799.0,бТел
1958,13:56:39,57.99,0.0,2,11598.0,бТел
1959,13:57:21,57.98,-0.010000000000005116,1,5798.0,бТел
1960,13:57:24,57.98,0.0,3,17394.0,бРел
1961,13:57:27,57.96,-0.01999999999999602,8,46377.0,бТел
1962,13:57:30,57.96,0.0,2,11592.0,бРел
1963,13:57:33,57.95,-0.00999999999999801,1,5795.0,бТел
1964,13:57:36,57.95,0.0,4,23180.0,бТел
1965,13:57:51,57.95,0.0,4,23182.0,бТел
1966,13:57:54,57.92,-0.030000000000001137,15,86904.0,бТел
1967,13:58:00,57.96,0.03999999999999915,1,5796.0,бРел
1968,13:58:03,57.96,0.0,2,11592.0,бРел
1969,13:58:06,57.96,0.0,1,5796.0,бРел
1970,13:58:12,57.95,-0.00999999999999801,2,11590.0,бТел
1971,13:58:27,57.95,0.0,1,5795.0,бРел
1972,13:58:30,57.93,-0.020000000000003126,1,5793.0,бТел
1973,13:58:36,57.92,-0.00999999999999801,7,40544.0,бТел
1974,13:58:42,57.93,0.00999999999999801,2,11585.0,бРел
1975,13:58:57,57.92,-0.00999999999999801,5,28960.0,бРел
1976,13:59:03,57.92,0.0,5,28960.0,бРел
1977,13:59:12,57.9,-0.020000000000003126,1,5790.0,бТел
1978,13:59:15,57.92,0.020000000000003126,5,28960.0,бРел
1979,13:59:18,57.92,0.0,1,5792.0,бТел
1980,13:59:21,57.92,0.0,2,11584.0,бТел
1981,13:59:33,57.92,0.0,38,220131.0,бТел
1982,14:00:15,57.95,0.030000000000001137,5,28975.0,бРел
1983,14:00:24,57.95,0.0,1,5795.0,бРел
1984,14:00:42,57.94,-0.010000000000005116,6,34766.0,бТел
1985,14:00:45,57.94,0.0,6,34764.0,бТел
1986,14:00:48,57.94,0.0,1,5794.0,бТел
1987,14:00:51,57.95,0.010000000000005116,6,34769.0,бРел
1988,14:00:54,57.92,-0.030000000000001137,1,5792.0,бТел
1989,14:00:57,57.92,0.0,2,11584.0,бТел
1990,14:01:00,57.92,0.0,1,5792.0,бТел
1991,14:01:06,57.91,-0.010000000000005116,1,5791.0,бТел
1992,14:01:09,57.91,0.0,2,11582.0,бТел
1993,14:01:12,57.91,0.0,1,5791.0,бТел
1994,14:01:18,57.92,0.010000000000005116,2,11584.0,бТел
1995,14:01:30,57.94,0.01999999999999602,1,5794.0,бТел
1996,14:01:33,57.95,0.010000000000005116,1,5795.0,бРел
1997,14:01:51,57.95,0.0,1,5795.0,бРел
1998,14:01:54,57.95,0.0,1,5795.0,бРел
1999,14:02:12,57.95,0.0,3,17384.0,бРел
2000,14:02:18,57.95,0.0,1,5795.0,бРел
2001,14:02:21,57.94,-0.010000000000005116,1,5794.0,бТел
2002,14:02:24,57.94,0.0,1,5794.0,бТел
2003,14:02:30,57.94,0.0,2,11588.0,бТел
2004,14:02:33,57.94,0.0,5,28973.0,бТел
2005,14:02:36,57.94,0.0,4,23176.0,бТел
2006,14:02:39,57.94,0.0,3,17382.0,бТел
2007,14:02:42,57.94,0.0,6,34764.0,бРел
2008,14:02:51,57.95,0.010000000000005116,5,28974.0,бРел
2009,14:03:12,57.95,0.0,2,11590.0,бРел
2010,14:03:15,57.92,-0.030000000000001137,5,28966.0,бТел
2011,14:03:30,57.93,0.00999999999999801,1,5793.0,бТел
2012,14:03:33,57.95,0.020000000000003126,3,17385.0,бРел
2013,14:03:36,57.95,0.0,2,11590.0,бРел
2014,14:03:39,57.95,0.0,4,23180.0,бРел
2015,14:03:42,57.93,-0.020000000000003126,3,17381.0,бТел
2016,14:03:51,57.95,0.020000000000003126,2,11590.0,бРел
2017,14:04:00,57.93,-0.020000000000003126,7,40551.0,бТел
2018,14:04:09,57.93,0.0,2,11586.0,бРел
2019,14:04:12,57.95,0.020000000000003126,1,5795.0,бРел
2020,14:04:27,57.95,0.0,5,28975.0,бРел
2021,14:04:30,57.93,-0.020000000000003126,4,23172.0,бТел
2022,14:04:33,57.95,0.020000000000003126,1,5795.0,бРел
2023,14:04:45,57.95,0.0,2,11590.0,бТел
2024,14:04:48,57.95,0.0,7,40565.0,бТел
2025,14:04:54,57.95,0.0,1,5795.0,бРел
2026,14:04:57,57.95,0.0,2,11590.0,бРел
2027,14:05:09,57.93,-0.020000000000003126,12,69516.0,бТел
2028,14:05:12,57.93,0.0,1,5793.0,жпптел
2029,14:05:30,57.9,-0.030000000000001137,32,185315.0,бТел
2030,14:05:33,57.95,0.05000000000000426,1,5795.0,бРел
2031,14:05:54,57.91,-0.04000000000000625,3,17375.0,бТел
2032,14:06:03,57.95,0.04000000000000625,3,17385.0,бРел
2033,14:06:09,57.9,-0.05000000000000426,30,173714.0,бТел
2034,14:06:12,57.95,0.05000000000000426,1,5795.0,жпптел
2035,14:06:15,57.96,0.00999999999999801,1,5796.0,бРел
2036,14:06:21,57.96,0.0,6,34779.0,бРел
2037,14:06:27,57.96,0.0,5,28980.0,бТел
2038,14:06:33,57.99,0.030000000000001137,4,23196.0,бРел
2039,14:06:48,58.0,0.00999999999999801,1,5800.0,бРел
2040,14:06:51,57.99,-0.00999999999999801,15,86998.0,бТел
2041,14:06:57,58.0,0.00999999999999801,16,92799.0,бРел
2042,14:07:00,58.0,0.0,2,11600.0,бТел
2043,14:07:03,58.0,0.0,6,34846.0,бТел
2044,14:07:09,58.0,0.0,7,40600.0,бТел
2045,14:07:12,58.1,0.10000000000000142,2,11620.0,бРел
2046,14:07:15,58.0,-0.10000000000000142,3,17400.0,бТел
2047,14:07:24,57.95,-0.04999999999999716,12,69585.0,бТел
2048,14:07:30,57.95,0.0,8,46360.0,бРел
2049,14:07:36,58.09,0.14000000000000057,1,5809.0,бРел
2050,14:07:51,58.09,0.0,1,5809.0,бРел
2051,14:07:54,58.07,-0.020000000000003126,7,40663.0,бТел
2052,14:08:06,58.09,0.020000000000003126,1,5809.0,жпптел
2053,14:08:09,58.09,0.0,5,29047.0,бТел
2054,14:08:12,58.1,0.00999999999999801,2,11620.0,бРел
2055,14:08:15,58.09,-0.00999999999999801,2,11618.0,бТел
2056,14:08:18,58.09,0.0,2,11618.0,бТел
2057,14:08:33,58.09,0.0,4,23232.0,бРел
2058,14:08:36,58.0,-0.09000000000000341,4,23216.0,бТел
2059,14:08:48,58.0,0.0,1,5800.0,бРел
2060,14:09:00,58.0,0.0,1,5800.0,бТел
2061,14:09:09,57.95,-0.04999999999999716,2,11590.0,бТел
2062,14:09:12,58.0,0.04999999999999716,3,17400.0,бРел
2063,14:09:33,57.99,-0.00999999999999801,1,5799.0,бРел
2064,14:09:36,57.99,0.0,6,34794.0,бТел
2065,14:09:39,57.96,-0.030000000000001137,2,11595.0,бТел
2066,14:09:45,57.99,0.030000000000001137,2,11598.0,бТел
2067,14:09:51,57.99,0.0,2,11598.0,бРел
2068,14:09:54,57.96,-0.030000000000001137,10,57960.0,бТел
2069,14:10:06,57.94,-0.020000000000003126,11,63744.0,бТел
2070,14:10:09,57.94,0.0,5,28970.0,бТел
2071,14:10:12,57.96,0.020000000000003126,2,11590.0,бРел
2072,14:10:15,57.94,-0.020000000000003126,1,5794.0,бТел
2073,14:10:33,57.96,0.020000000000003126,2,11592.0,бРел
2074,14:10:42,57.96,0.0,1,5796.0,бРел
2075,14:10:51,57.96,0.0,2,11592.0,бРел
2076,14:10:57,57.96,0.0,1,5796.0,бРел
2077,14:11:09,57.94,-0.020000000000003126,1,5794.0,бТел
2078,14:11:12,57.96,0.020000000000003126,1,5796.0,бРел
2079,14:11:24,57.94,-0.020000000000003126,1,5794.0,бТел
2080,14:11:30,57.96,0.020000000000003126,1,5796.0,бРел
2081,14:11:33,57.94,-0.020000000000003126,28,162232.0,бТел
2082,14:11:48,57.96,0.020000000000003126,4,23180.0,бРел
2083,14:11:51,57.99,0.030000000000001137,1,5799.0,бРел
2084,14:12:06,57.96,-0.030000000000001137,1,5796.0,бТел
2085,14:12:15,57.96,0.0,2,11595.0,бТел
2086,14:12:18,57.96,0.0,3,17388.0,бТел
2087,14:12:30,57.99,0.030000000000001137,1,5799.0,бРел
2088,14:12:33,57.99,0.0,1,5799.0,бРел
2089,14:12:42,57.99,0.0,3,17397.0,бРел
2090,14:12:51,58.0,0.00999999999999801,2,11600.0,бРел
2091,14:12:57,58.0,0.0,10,58000.0,бРел
2092,14:13:12,58.0,0.0,1,5800.0,бРел
2093,14:13:18,57.96,-0.03999999999999915,1,5796.0,бТел
2094,14:13:30,57.99,0.030000000000001137,1,5799.0,бРел
2095,14:13:33,57.96,-0.030000000000001137,12,69555.0,бТел
2096,14:13:48,57.98,0.01999999999999602,1,5798.0,бТел
2097,14:13:51,57.99,0.010000000000005116,2,11598.0,бРел
2098,14:14:12,57.99,0.0,1,5799.0,бРел
2099,14:14:21,57.98,-0.010000000000005116,1,5798.0,бТел
2100,14:14:24,58.0,0.020000000000003126,2,11600.0,бРел
2101,14:14:30,58.0,0.0,1,5800.0,бРел
2102,14:14:33,58.0,0.0,1,5800.0,бРел
2103,14:14:42,58.0,0.0,2,11600.0,бРел
2104,14:15:00,58.0,0.0,3,17400.0,бРел
2105,14:15:03,57.98,-0.020000000000003126,7,40588.0,бТел
2106,14:15:09,58.0,0.020000000000003126,2,11600.0,бРел
2107,14:15:12,58.0,0.0,1,5800.0,бРел
2108,14:15:18,58.0,0.0,1,5800.0,бРел
2109,14:15:21,58.0,0.0,1,5800.0,бРел
2110,14:15:24,58.0,0.0,1,5800.0,бРел
2111,14:15:42,58.0,0.0,2,11600.0,бРел
2112,14:15:48,58.0,0.0,14,81200.0,бРел
2113,14:15:57,58.06,0.060000000000002274,2,11612.0,жпптел
2114,14:16:00,58.06,0.0,6,34832.0,бТел
2115,14:16:03,58.06,0.0,6,34836.0,бТел
2116,14:16:12,57.98,-0.0800000000000054,1,5798.0,бТел
2117,14:16:18,58.0,0.020000000000003126,4,23200.0,бТел
2118,14:16:24,58.0,0.0,2,11600.0,бРел
2119,14:16:27,58.0,0.0,16,92800.0,бТел
2120,14:16:33,58.0,0.0,5,29000.0,бТел
2121,14:16:36,58.0,0.0,3,17400.0,бТел
2122,14:16:42,58.08,0.0799999999999983,1,5808.0,бРел
2123,14:16:54,58.08,0.0,10,58080.0,бРел
2124,14:17:06,57.98,-0.10000000000000142,1,5798.0,бТел
2125,14:17:09,57.98,0.0,1,5798.0,бТел
2126,14:17:12,57.98,0.0,1,5798.0,бТел
2127,14:17:39,58.09,0.11000000000000654,1,5809.0,бРел
2128,14:17:54,58.09,0.0,1,5809.0,бРел
2129,14:18:12,58.08,-0.010000000000005116,1,5808.0,бРел
2130,14:18:18,58.09,0.010000000000005116,2,11618.0,бРел
2131,14:18:24,58.19,0.09999999999999432,30,174357.0,бРел
2132,14:18:33,58.0,-0.18999999999999773,3,17400.0,бРел
2133,14:18:42,58.0,0.0,1,5800.0,бРел
2134,14:18:48,58.0,0.0,16,92785.0,бРел
2135,14:19:00,57.99,-0.00999999999999801,3,17397.0,бТел
2136,14:19:06,57.99,0.0,3,17397.0,бТел
2137,14:19:12,57.99,0.0,1,5799.0,бТел
2138,14:19:15,58.0,0.00999999999999801,49,284200.0,бРел
2139,14:19:18,58.0,0.0,4,23200.0,бТел
2140,14:19:21,58.0,0.0,1,5800.0,бТел
2141,14:19:54,57.96,-0.03999999999999915,21,121764.0,бТел
2142,14:20:09,57.96,0.0,2,11592.0,бТел
2143,14:20:15,57.92,-0.03999999999999915,4,23170.0,бТел
2144,14:20:18,57.93,0.00999999999999801,3,17379.0,бТел
2145,14:20:30,58.0,0.07000000000000028,50,290000.0,бРел
2146,14:20:42,57.92,-0.0799999999999983,1,5792.0,бТел
2147,14:20:51,58.0,0.0799999999999983,1,5800.0,бРел
2148,14:21:00,57.92,-0.0799999999999983,5,28960.0,бТел
2149,14:21:09,57.91,-0.010000000000005116,31,179527.0,бТел
2150,14:21:21,57.91,0.0,9,52123.0,бТел
2151,14:21:24,57.98,0.07000000000000028,3,17394.0,бРел
2152,14:21:27,57.91,-0.07000000000000028,1,5791.0,бТел
2153,14:21:33,57.91,0.0,1,5791.0,бТел
2154,14:21:36,57.9,-0.00999999999999801,100,579024.0,бТел
2155,14:21:39,57.91,0.00999999999999801,4,23164.0,жпптел
2156,14:21:42,57.9,-0.00999999999999801,8,46320.0,бТел
2157,14:21:45,57.89,-0.00999999999999801,43,248969.0,бТел
2158,14:21:48,57.87,-0.020000000000003126,11,63665.0,бТел
2159,14:21:51,57.86,-0.00999999999999801,9,52076.0,бТел
2160,14:21:57,57.86,0.0,7,40506.0,бТел
2161,14:22:00,57.86,0.0,3,17358.0,бРел
2162,14:22:03,57.86,0.0,1,5786.0,бТел
2163,14:22:06,57.87,0.00999999999999801,7,40503.0,бРел
2164,14:22:15,57.86,-0.00999999999999801,1,5786.0,бТел
2165,14:22:33,57.88,0.020000000000003126,3,17364.0,бРел
2166,14:22:36,57.86,-0.020000000000003126,15,86792.0,бТел
2167,14:22:45,57.96,0.10000000000000142,2,11592.0,бРел
2168,14:22:57,57.96,0.0,2,11592.0,бРел
2169,14:23:03,57.98,0.01999999999999602,1,5798.0,бТел
2170,14:23:06,57.99,0.010000000000005116,2,11598.0,бРел
2171,14:23:12,58.0,0.00999999999999801,2,11600.0,бРел
2172,14:23:15,58.0,0.0,3,17400.0,бРел
2173,14:23:18,58.0,0.0,2,11600.0,бРел
2174,14:23:21,58.0,0.0,5,29000.0,бРел
2175,14:23:24,58.0,0.0,18,104400.0,бРел
2176,14:23:27,58.06,0.060000000000002274,2,11612.0,бТел
2177,14:23:30,58.06,0.0,3,17418.0,бТел
2178,14:23:33,58.0,-0.060000000000002274,7,40600.0,бТел
2179,14:23:39,58.0,0.0,3,17400.0,бРел
2180,14:23:42,58.0,0.0,4,23200.0,бРел
2181,14:23:54,58.06,0.060000000000002274,2,11606.0,бРел
2182,14:24:00,58.0,-0.060000000000002274,6,34800.0,бТел
2183,14:24:03,58.0,0.0,6,34800.0,бРел
2184,14:24:12,58.0,0.0,6,34800.0,бРел
2185,14:24:15,58.0,0.0,12,69618.0,бТел
2186,14:24:30,58.0,0.0,3,17400.0,бРел
2187,14:24:42,58.0,0.0,4,23200.0,бРел
2188,14:24:54,57.99,-0.00999999999999801,37,214563.0,бТел
2189,14:25:00,57.99,0.0,5,28995.0,бРел
2190,14:25:24,57.98,-0.010000000000005116,5,28990.0,бТел
2191,14:25:51,57.96,-0.01999999999999602,1,5796.0,бТел
2192,14:26:30,57.96,0.0,2,11592.0,бТел
2193,14:26:39,57.98,0.01999999999999602,1,5798.0,бРел
2194,14:26:42,57.98,0.0,2,11594.0,бРел
2195,14:26:54,57.98,0.0,1,5798.0,бРел
2196,14:27:00,57.96,-0.01999999999999602,4,23190.0,бТел
2197,14:27:15,57.96,0.0,14,81152.0,бТел
2198,14:27:18,57.98,0.01999999999999602,1,5798.0,жпптел
2199,14:27:24,57.91,-0.07000000000000028,9,52119.0,бТел
2200,14:27:48,57.9,-0.00999999999999801,6,34740.0,бТел
2201,14:28:03,57.91,0.00999999999999801,3,17373.0,бРел
2202,14:28:21,57.91,0.0,1,5791.0,бТел
2203,14:28:30,57.93,0.020000000000003126,14,81102.0,бТел
2204,14:28:36,57.95,0.020000000000003126,1,5795.0,жпптел
2205,14:28:45,57.99,0.03999999999999915,1,5799.0,бРел
2206,14:28:57,57.99,0.0,1,5799.0,бРел
2207,14:29:03,57.91,-0.0800000000000054,5,28979.0,бТел
2208,14:29:12,57.91,0.0,1,5791.0,бТел
2209,14:29:18,57.98,0.07000000000000028,1,5798.0,бРел
2210,14:29:21,57.98,0.0,1,5798.0,бРел
2211,14:29:42,58.0,0.020000000000003126,4,23197.0,бРел
2212,14:29:45,58.0,0.0,1,5800.0,бРел
2213,14:30:09,58.0,0.0,19,110199.0,бРел
2214,14:30:12,57.99,-0.00999999999999801,16,92784.0,бТел
2215,14:30:15,58.0,0.00999999999999801,9,52200.0,бРел
2216,14:30:27,58.0,0.0,1,5800.0,бРел
2217,14:30:36,58.0,0.0,1,5800.0,бРел
2218,14:30:45,58.0,0.0,1,5800.0,бРел
2219,14:30:57,57.99,-0.00999999999999801,8,46394.0,бТел
2220,14:31:09,57.99,0.0,4,23196.0,бТел
2221,14:31:12,57.99,0.0,1,5799.0,бТел
2222,14:31:24,58.0,0.00999999999999801,7,40600.0,бРел
2223,14:31:39,57.99,-0.00999999999999801,11,63789.0,бТел
2224,14:31:42,58.0,0.00999999999999801,1,5800.0,бРел
2225,14:31:51,57.99,-0.00999999999999801,1,5799.0,бТел
2226,14:31:54,58.0,0.00999999999999801,2,11600.0,бРел
2227,14:32:15,57.99,-0.00999999999999801,1,5799.0,бТел
2228,14:32:27,58.0,0.00999999999999801,1,5800.0,бРел
2229,14:32:30,58.0,0.0,1,5800.0,бРел
2230,14:32:33,58.0,0.0,6,34800.0,бРел
2231,14:32:36,58.0,0.0,5,29000.0,бРел
2232,14:32:39,58.0,0.0,6,34800.0,бРел
2233,14:32:42,58.0,0.0,65,376999.0,бРел
2234,14:32:45,58.0,0.0,12,69593.0,бРел
2235,14:32:48,58.06,0.060000000000002274,1,5806.0,бРел
2236,14:32:51,57.99,-0.07000000000000028,17,98586.0,бТел
2237,14:32:54,58.03,0.03999999999999915,1,5803.0,бТел
2238,14:32:57,58.05,0.01999999999999602,3,17416.0,жпптел
2239,14:33:36,58.06,0.010000000000005116,1,5806.0,бРел
2240,14:33:39,58.09,0.030000000000001137,15,87113.0,бРел
2241,14:33:42,58.1,0.00999999999999801,14,81327.0,бРел
2242,14:33:45,58.1,0.0,1,5810.0,бРел
2243,14:33:48,58.1,0.0,26,151058.0,бРел
2244,14:33:51,58.05,-0.05000000000000426,19,110363.0,бТел
2245,14:33:57,58.1,0.05000000000000426,18,104572.0,бРел
2246,14:34:00,58.09,-0.00999999999999801,3,17427.0,бТел
2247,14:34:12,58.09,0.0,3,17427.0,бТел
2248,14:34:18,58.09,0.0,2,11618.0,бТел
2249,14:34:39,58.05,-0.04000000000000625,21,121940.0,бТел
2250,14:34:48,58.0,-0.04999999999999716,3,17400.0,бТел
2251,14:34:51,58.0,0.0,20,116000.0,бТел
2252,14:35:00,58.0,0.0,8,46410.0,бТел
2253,14:35:21,58.01,0.00999999999999801,1,5801.0,жпптел
2254,14:35:33,58.11,0.10000000000000142,35,203333.0,бРел
2255,14:35:36,58.0,-0.10999999999999943,12,69600.0,бТел
2256,14:35:51,58.0,0.0,2,11600.0,бРел
2257,14:36:09,58.0,0.0,7,40600.0,бРел
2258,14:36:15,58.0,0.0,1,5800.0,бРел
2259,14:36:33,57.99,-0.00999999999999801,5,28995.0,бТел
2260,14:36:36,57.99,0.0,6,34794.0,бТел
2261,14:36:39,57.99,0.0,11,63789.0,бТел
2262,14:36:42,58.0,0.00999999999999801,7,40594.0,бРел
2263,14:36:45,57.99,-0.00999999999999801,4,23196.0,бТел
2264,14:36:48,57.99,0.0,3,17397.0,бТел
2265,14:36:54,57.99,0.0,1,5799.0,бТел
2266,14:37:15,57.99,0.0,4,23196.0,бТел
2267,14:37:18,57.99,0.0,3,17397.0,бТел
2268,14:37:30,57.99,0.0,11,63789.0,бТел
2269,14:37:33,57.99,0.0,14,81186.0,бТел
2270,14:37:36,58.0,0.00999999999999801,4,23194.0,бРел
2271,14:37:42,57.95,-0.04999999999999716,1,5795.0,бТел
2272,14:38:12,57.91,-0.04000000000000625,1,5791.0,бТел
2273,14:38:42,57.99,0.0800000000000054,4,23181.0,бРел
2274,14:38:45,57.91,-0.0800000000000054,1,5791.0,бТел
2275,14:39:00,57.91,0.0,15,86871.0,бТел
2276,14:39:21,57.92,0.010000000000005116,1,5792.0,бТел
2277,14:39:42,57.91,-0.010000000000005116,6,34750.0,бТел
2278,14:39:48,57.91,0.0,1,5791.0,бТел
2279,14:40:09,57.94,0.030000000000001137,7,40558.0,бТел
2280,14:40:12,57.9,-0.03999999999999915,59,341666.0,бТел
2281,14:40:15,57.89,-0.00999999999999801,1,5789.0,жпптел
2282,14:40:18,57.89,0.0,1,5789.0,бТел
2283,14:40:21,57.9,0.00999999999999801,3,17369.0,бРел
2284,14:40:24,57.89,-0.00999999999999801,1,5789.0,бТел
2285,14:40:27,57.89,0.0,1,5789.0,бТел
2286,14:40:39,57.89,0.0,3,17367.0,бТел
2287,14:40:57,57.88,-0.00999999999999801,6,34728.0,бТел
2288,14:41:00,57.88,0.0,2,11576.0,бТел
2289,14:41:03,57.88,0.0,2,11576.0,бТел
2290,14:41:06,57.88,0.0,1,5788.0,бТел
2291,14:41:09,57.88,0.0,17,98390.0,бТел
2292,14:41:15,57.86,-0.020000000000003126,2,11572.0,бТел
2293,14:41:18,57.86,0.0,3,17358.0,бТел
2294,14:41:27,57.85,-0.00999999999999801,11,63635.0,бТел
2295,14:41:48,57.83,-0.020000000000003126,6,34698.0,бТел
2296,14:41:51,57.82,-0.00999999999999801,5,28910.0,бТел
2297,14:41:54,57.81,-0.00999999999999801,22,127200.0,бТел
2298,14:42:12,57.82,0.00999999999999801,1,5782.0,жпптел
2299,14:42:15,57.81,-0.00999999999999801,2,11563.0,бТел
2300,14:42:21,57.81,0.0,1,5781.0,бТел
2301,14:42:27,57.81,0.0,2,11562.0,бТел
2302,14:42:33,57.8,-0.010000000000005116,2,11561.0,бТел
2303,14:42:45,57.81,0.010000000000005116,1,5781.0,бТел
2304,14:42:57,57.81,0.0,5,28905.0,бТел
2305,14:43:03,57.81,0.0,1,5781.0,бТел
2306,14:43:12,57.83,0.01999999999999602,1,5783.0,бРел
2307,14:43:15,57.83,0.0,1,5783.0,бРел
2308,14:43:21,57.85,0.020000000000003126,3,17351.0,бРел
2309,14:43:36,57.86,0.00999999999999801,1,5786.0,бРел
2310,14:43:39,57.83,-0.030000000000001137,4,23132.0,бТел
2311,14:43:45,57.86,0.030000000000001137,1,5786.0,бРел
2312,14:43:57,57.83,-0.030000000000001137,2,11566.0,бТел
2313,14:44:03,57.83,0.0,1,5783.0,бТел
2314,14:44:18,57.84,0.010000000000005116,1,5784.0,бТел
2315,14:44:33,57.86,0.01999999999999602,8,46288.0,бРел
2316,14:44:36,57.84,-0.01999999999999602,1,5784.0,бТел
2317,14:44:42,57.87,0.02999999999999403,5,28923.0,бРел
2318,14:45:09,57.87,0.0,1,5787.0,бРел
2319,14:45:21,57.87,0.0,1,5787.0,бРел
2320,14:45:42,57.86,-0.00999999999999801,9,52074.0,бРел
2321,14:45:57,57.86,0.0,4,23144.0,бРел
2322,14:46:03,57.85,-0.00999999999999801,11,63642.0,бТел
2323,14:46:12,57.87,0.01999999999999602,1,5787.0,бРел
2324,14:46:27,57.87,0.0,9,52079.0,бРел
2325,14:46:39,57.87,0.0,1,5787.0,бРел
2326,14:46:42,57.87,0.0,1,5787.0,бРел
2327,14:46:45,57.86,-0.00999999999999801,1,5786.0,бТел
2328,14:46:54,57.86,0.0,1,5786.0,бТел
2329,14:46:57,57.86,0.0,4,23144.0,бТел
2330,14:47:03,57.86,0.0,1,5786.0,бТел
2331,14:47:06,57.86,0.0,6,34716.0,бТел
2332,14:47:15,57.85,-0.00999999999999801,9,52065.0,бТел
2333,14:47:18,57.83,-0.020000000000003126,1,5783.0,бТел
2334,14:47:21,57.83,0.0,10,57830.0,бТел
2335,14:47:27,57.82,-0.00999999999999801,1,5782.0,бТел
2336,14:47:33,57.83,0.00999999999999801,4,23132.0,бТел
2337,14:47:48,57.82,-0.00999999999999801,1,5782.0,бТел
2338,14:47:51,57.81,-0.00999999999999801,3,17343.0,бТел
2339,14:47:54,57.79,-0.020000000000003126,10,57800.0,бТел
2340,14:48:00,57.79,0.0,1,5779.0,бТел
2341,14:48:03,57.78,-0.00999999999999801,17,98238.0,бТел
2342,14:48:09,57.75,-0.030000000000001137,4,23105.0,бТел
2343,14:48:12,57.78,0.030000000000001137,3,17332.0,бРел
2344,14:48:21,57.73,-0.05000000000000426,1,5773.0,жпптел
2345,14:48:27,57.71,-0.01999999999999602,6,34637.0,бТел
2346,14:48:36,57.7,-0.00999999999999801,6,34620.0,бТел
2347,14:48:42,57.7,0.0,1,5770.0,бРел
2348,14:48:51,57.7,0.0,8,46124.0,бРел
2349,14:49:12,57.64,-0.060000000000002274,6,34582.0,бТел
2350,14:49:18,57.64,0.0,1,5764.0,бТел
2351,14:49:24,57.7,0.060000000000002274,3,17310.0,бРел
2352,14:49:27,57.64,-0.060000000000002274,1,5764.0,бТел
2353,14:49:36,57.64,0.0,1,5764.0,бТел
2354,14:49:39,57.64,0.0,1,5764.0,бТел
2355,14:49:42,57.7,0.060000000000002274,2,11534.0,бРел
2356,14:49:48,57.64,-0.060000000000002274,3,17292.0,бТел
2357,14:49:54,57.5,-0.14000000000000057,72,414320.0,бТел
2358,14:50:09,57.69,0.18999999999999773,4,23076.0,жпптел
2359,14:50:12,57.57,-0.11999999999999744,11,63389.0,бТел
2360,14:50:15,57.63,0.060000000000002274,7,40305.0,бРел
2361,14:50:18,57.57,-0.060000000000002274,2,11514.0,бТел
2362,14:50:24,57.57,0.0,2,11514.0,бТел
2363,14:50:27,57.64,0.07000000000000028,6,34570.0,бРел
2364,14:50:30,57.58,-0.060000000000002274,1,5758.0,бТел
2365,14:50:36,57.58,0.0,1,5758.0,бТел
2366,14:50:39,57.64,0.060000000000002274,2,11528.0,бРел
2367,14:50:42,57.58,-0.060000000000002274,1,5758.0,бТел
2368,14:50:45,57.58,0.0,3,17274.0,бТел
2369,14:50:54,57.58,0.0,2,11516.0,бРел
2370,14:50:57,57.58,0.0,5,28790.0,бРел
2371,14:51:06,57.57,-0.00999999999999801,1,5757.0,бТел
2372,14:51:09,57.64,0.07000000000000028,3,17292.0,бРел
2373,14:51:15,57.57,-0.07000000000000028,6,34542.0,бТел
2374,14:51:18,57.64,0.07000000000000028,19,109411.0,бРел
2375,14:51:21,57.57,-0.07000000000000028,1,5757.0,бРел
2376,14:51:27,57.54,-0.030000000000001137,7,40286.0,бТел
2377,14:51:39,57.54,0.0,2,11508.0,бРел
2378,14:51:42,57.64,0.10000000000000142,1,5764.0,бРел
2379,14:51:45,57.52,-0.11999999999999744,2,11504.0,бТел
2380,14:51:54,57.63,0.10999999999999943,5,28797.0,бРел
2381,14:51:57,57.5,-0.13000000000000256,50,287596.0,бТел
2382,14:52:00,57.54,0.03999999999999915,5,28766.0,бРел
2383,14:52:06,57.54,0.0,5,28770.0,бРел
2384,14:52:15,57.62,0.0799999999999983,10,57557.0,бРел
2385,14:52:18,57.55,-0.07000000000000028,4,23020.0,бТел
2386,14:52:24,57.55,0.0,2,11510.0,бТел
2387,14:52:30,57.56,0.010000000000005116,2,11512.0,бТел
2388,14:52:39,57.56,0.0,1,5756.0,бТел
2389,14:52:45,57.62,0.05999999999999517,3,17286.0,бРел
2390,14:52:48,57.6,-0.01999999999999602,10,57600.0,бРел
2391,14:52:51,57.6,0.0,10,57600.0,бРел
2392,14:53:00,57.56,-0.03999999999999915,1,5756.0,бТел
2393,14:53:03,57.51,-0.05000000000000426,44,253218.0,бТел
2394,14:53:06,57.51,0.0,6,34506.0,бРел
2395,14:53:12,57.6,0.09000000000000341,2,11520.0,бРел
2396,14:53:15,57.63,0.030000000000001137,1,5763.0,бРел
2397,14:53:18,57.57,-0.060000000000002274,19,109383.0,бТел
2398,14:53:21,57.51,-0.060000000000002274,2,11505.0,бТел
2399,14:53:24,57.54,0.030000000000001137,5,28764.0,бРел
2400,14:53:27,57.54,0.0,9,51763.0,бРел
2401,14:53:30,57.54,0.0,2,11508.0,бТел
2402,14:53:39,57.57,0.030000000000001137,4,23028.0,бРел
2403,14:53:42,57.54,-0.030000000000001137,4,23010.0,бРел
2404,14:53:45,57.54,0.0,9,51786.0,бТел
2405,14:53:48,57.57,0.030000000000001137,9,51798.0,бРел
2406,14:53:54,57.54,-0.030000000000001137,4,23017.0,бТел
2407,14:53:57,57.55,0.00999999999999801,34,195665.0,бРел
2408,14:54:03,57.54,-0.00999999999999801,3,17263.0,бТел
2409,14:54:06,57.57,0.030000000000001137,10,57556.0,бРел
2410,14:54:09,57.55,-0.020000000000003126,7,40287.0,бТел
2411,14:54:18,57.57,0.020000000000003126,21,120957.0,жпптел
2412,14:54:27,57.6,0.030000000000001137,3,17280.0,бРел
2413,14:54:30,57.6,0.0,4,23040.0,бТел
2414,14:54:39,57.64,0.03999999999999915,31,178656.0,бРел
2415,14:54:42,57.64,0.0,8,46112.0,бТел
2416,14:54:45,57.56,-0.0799999999999983,26,149764.0,бТел
2417,14:54:51,57.65,0.0899999999999963,1,5765.0,бРел
2418,14:54:57,57.65,0.0,5,28825.0,бРел
2419,14:55:00,57.65,0.0,1,5765.0,бТел
2420,14:55:06,57.65,0.0,4,23060.0,бТел
2421,14:55:09,57.68,0.030000000000001137,3,17301.0,бРел
2422,14:55:18,57.65,-0.030000000000001137,4,23060.0,бТел
2423,14:55:21,57.58,-0.07000000000000028,11,63338.0,бТел
2424,14:55:27,57.58,0.0,12,69105.0,бТел
2425,14:55:30,57.58,0.0,1,5758.0,бТел
2426,14:55:36,57.58,0.0,17,97888.0,бТел
2427,14:55:39,57.58,0.0,2,11516.0,бТел
2428,14:55:42,57.58,0.0,20,115160.0,бТел
2429,14:55:48,57.6,0.020000000000003126,4,23039.0,бРел
2430,14:55:51,57.6,0.0,3,17280.0,бРел
2431,14:56:00,57.65,0.04999999999999716,4,23059.0,бРел
2432,14:56:03,57.64,-0.00999999999999801,1,5764.0,бРел
2433,14:56:09,57.64,0.0,2,11528.0,бРел
2434,14:56:21,57.6,-0.03999999999999915,12,69120.0,бТел
2435,14:56:27,57.64,0.03999999999999915,11,63383.0,бРел
2436,14:56:30,57.62,-0.020000000000003126,3,17286.0,жпптел
2437,14:56:33,57.64,0.020000000000003126,5,28820.0,бРел
2438,14:56:36,57.63,-0.00999999999999801,4,23052.0,бТел
2439,14:56:39,57.64,0.00999999999999801,26,149851.0,бРел
2440,14:56:45,57.64,0.0,1,5764.0,бТел
2441,14:56:51,57.64,0.0,2,11528.0,бТел
2442,14:56:54,57.65,0.00999999999999801,1,5765.0,бРел
2443,14:56:57,57.64,-0.00999999999999801,5,28820.0,бТел
2444,15:00:03,57.6,-0.03999999999999915,301,1733760.0,бРел
