,Ёи╫╩й╠╪Д,Ёи╫╩╪ш,╪ш╦Я╠Д╤╞,Ёи╫╩а©ё╗йжё╘,Ёи╫╩╤Нё╗т╙ё╘,птжй
0,09:25:03,13.3,-0.03999999999999915,13,17290.0,бРел
1,09:30:03,13.29,-0.010000000000001563,53,70470.0,бТел
2,09:30:06,13.28,-0.009999999999999787,5,6640.0,жпптел
3,09:30:09,13.27,-0.009999999999999787,2,2652.0,жпптел
4,09:30:12,13.23,-0.03999999999999915,16,21198.0,бТел
5,09:30:15,13.23,0.0,5,6622.0,бТел
6,09:30:27,13.27,0.03999999999999915,3,3977.0,бРел
7,09:30:30,13.28,0.009999999999999787,2,2656.0,бРел
8,09:30:33,13.28,0.0,4,5312.0,бТел
9,09:30:36,13.24,-0.03999999999999915,18,23850.0,бТел
10,09:30:42,13.24,0.0,1,1324.0,бТел
11,09:30:45,13.32,0.08000000000000007,17,22604.0,бРел
12,09:30:48,13.33,0.009999999999999787,1,1333.0,бРел
13,09:31:06,13.32,-0.009999999999999787,37,49263.0,бРел
14,09:31:12,13.32,0.0,16,21312.0,бРел
15,09:31:21,13.3,-0.019999999999999574,3,3980.0,жпптел
16,09:31:24,13.25,-0.05000000000000071,3,3975.0,бТел
17,09:31:33,13.26,0.009999999999999787,3,3978.0,бТел
18,09:31:42,13.26,0.0,50,66300.0,бТел
19,09:31:45,13.3,0.040000000000000924,1,1330.0,бРел
20,09:31:51,13.26,-0.040000000000000924,2,2652.0,бТел
21,09:31:57,13.26,0.0,2,2652.0,бТел
22,09:32:09,13.28,0.019999999999999574,3,3984.0,жпптел
23,09:32:18,13.3,0.02000000000000135,4,5320.0,бРел
24,09:32:30,13.28,-0.02000000000000135,1,1328.0,бТел
25,09:32:33,13.28,0.0,12,15956.0,бТел
26,09:32:45,13.3,0.02000000000000135,15,19950.0,бРел
27,09:32:51,13.28,-0.02000000000000135,4,5312.0,бТел
28,09:32:54,13.28,0.0,10,13280.0,бРел
29,09:32:57,13.28,0.0,11,14608.0,бТел
30,09:33:00,13.27,-0.009999999999999787,27,35830.0,бТел
31,09:33:03,13.27,0.0,5,6636.0,бТел
32,09:33:09,13.27,0.0,13,17262.0,бТел
33,09:33:12,13.27,0.0,4,5308.0,бТел
34,09:33:15,13.27,0.0,4,5310.0,бТел
35,09:33:33,13.26,-0.009999999999999787,61,80917.0,бТел
36,09:33:36,13.25,-0.009999999999999787,10,13253.0,бТел
37,09:33:42,13.26,0.009999999999999787,7,9282.0,бРел
38,09:33:48,13.26,0.0,1,1326.0,бРел
39,09:33:51,13.26,0.0,2,2652.0,бРел
40,09:33:54,13.26,0.0,1,1326.0,бРел
41,09:34:00,13.25,-0.009999999999999787,3,3975.0,бТел
42,09:34:06,13.25,0.0,10,13250.0,бТел
43,09:34:12,13.26,0.009999999999999787,2,2651.0,бРел
44,09:34:15,13.26,0.0,59,78234.0,бТел
45,09:34:18,13.25,-0.009999999999999787,10,13250.0,бТел
46,09:34:24,13.25,0.0,5,6625.0,бТел
47,09:34:27,13.25,0.0,11,14575.0,бТел
48,09:34:48,13.25,0.0,1,1325.0,бТел
49,09:34:51,13.26,0.009999999999999787,4,5304.0,бРел
50,09:35:03,13.25,-0.009999999999999787,11,14575.0,бТел
51,09:35:06,13.25,0.0,4,5300.0,бТел
52,09:35:27,13.25,0.0,9,11925.0,бТел
53,09:35:33,13.25,0.0,6,7950.0,бТел
54,09:35:36,13.26,0.009999999999999787,2,2652.0,бРел
55,09:35:42,13.25,-0.009999999999999787,10,13250.0,бТел
56,09:36:03,13.26,0.009999999999999787,10,13260.0,бРел
57,09:36:06,13.26,0.0,10,13260.0,бРел
58,09:36:15,13.25,-0.009999999999999787,7,9275.0,бТел
59,09:36:27,13.26,0.009999999999999787,7,9282.0,бРел
60,09:36:30,13.26,0.0,1,1326.0,бТел
61,09:36:33,13.26,0.0,12,15912.0,бТел
62,09:36:36,13.26,0.0,3,3978.0,бТел
63,09:36:39,13.26,0.0,7,9282.0,бТел
64,09:36:45,13.26,0.0,16,21216.0,бТел
65,09:36:51,13.25,-0.009999999999999787,78,103350.0,бТел
66,09:36:54,13.25,0.0,62,82138.0,жпптел
67,09:37:03,13.22,-0.02999999999999936,238,314911.0,бТел
68,09:37:06,13.22,0.0,2,2644.0,бРел
69,09:37:09,13.23,0.009999999999999787,4,5292.0,жпптел
70,09:37:12,13.23,0.0,2,2646.0,бРел
71,09:37:15,13.23,0.0,2,2646.0,бРел
72,09:37:18,13.23,0.0,5,6615.0,бРел
73,09:37:33,13.23,0.0,11,14553.0,бРел
74,09:37:39,13.24,0.009999999999999787,1,1324.0,бТел
75,09:37:42,13.23,-0.009999999999999787,4,5292.0,бТел
76,09:37:48,13.23,0.0,2,2646.0,бТел
77,09:38:06,13.25,0.019999999999999574,14,18541.0,бРел
78,09:38:09,13.26,0.009999999999999787,17,22529.0,бРел
79,09:38:33,13.24,-0.019999999999999574,7,9268.0,бТел
80,09:38:39,13.25,0.009999999999999787,5,6625.0,бТел
81,09:38:51,13.24,-0.009999999999999787,12,15888.0,бТел
82,09:38:57,13.26,0.019999999999999574,1,1326.0,бРел
83,09:39:03,13.24,-0.019999999999999574,15,19860.0,бТел
84,09:39:15,13.24,0.0,7,9268.0,бТел
85,09:39:27,13.24,0.0,6,7944.0,бТел
86,09:39:33,13.24,0.0,6,7944.0,бТел
87,09:39:39,13.24,0.0,121,160246.0,бТел
88,09:39:42,13.22,-0.019999999999999574,51,67443.0,бТел
89,09:39:48,13.2,-0.02000000000000135,103,136000.0,бТел
90,09:40:03,13.2,0.0,33,43560.0,бТел
91,09:40:06,13.2,0.0,5,6600.0,бРел
92,09:40:09,13.21,0.010000000000001563,3,3963.0,бРел
93,09:40:12,13.21,0.0,4,5284.0,бТел
94,09:40:15,13.21,0.0,4,5284.0,бРел
95,09:40:39,13.21,0.0,4,5284.0,бТел
96,09:40:42,13.21,0.0,3,3963.0,бРел
97,09:40:45,13.21,0.0,16,21136.0,бРел
98,09:40:48,13.21,0.0,5,6605.0,бТел
99,09:40:51,13.21,0.0,5,6605.0,бТел
100,09:41:00,13.21,0.0,21,27741.0,бТел
101,09:41:03,13.21,0.0,3,3963.0,бРел
102,09:41:09,13.2,-0.010000000000001563,13,17168.0,бТел
103,09:41:15,13.2,0.0,7,9240.0,бТел
104,09:41:18,13.21,0.010000000000001563,3,3963.0,бРел
105,09:41:21,13.2,-0.010000000000001563,54,71280.0,бТел
106,09:41:24,13.2,0.0,1,1320.0,бРел
107,09:41:39,13.2,0.0,1,1320.0,бРел
108,09:41:42,13.19,-0.009999999999999787,20,26380.0,бТел
109,09:41:45,13.19,0.0,15,19785.0,бРел
110,09:41:51,13.18,-0.009999999999999787,14,18458.0,бТел
111,09:41:57,13.18,0.0,18,23724.0,бТел
112,09:42:00,13.18,0.0,10,13180.0,бТел
113,09:42:12,13.2,0.019999999999999574,12,15832.0,бРел
114,09:42:15,13.18,-0.019999999999999574,130,171340.0,бТел
115,09:42:39,13.2,0.019999999999999574,111,146916.0,бРел
116,09:42:48,13.19,-0.009999999999999787,3,3958.0,бТел
117,09:42:57,13.21,0.02000000000000135,1,1321.0,бРел
118,09:43:00,13.21,0.0,1,1321.0,бРел
119,09:43:06,13.2,-0.010000000000001563,5,6600.0,бТел
120,09:43:09,13.2,0.0,10,13200.0,бТел
121,09:43:12,13.21,0.010000000000001563,2,2642.0,бРел
122,09:43:15,13.2,-0.010000000000001563,7,9240.0,бТел
123,09:43:21,13.21,0.010000000000001563,10,13210.0,бРел
124,09:43:27,13.2,-0.010000000000001563,7,9240.0,бТел
125,09:43:33,13.2,0.0,5,6600.0,бТел
126,09:43:39,13.2,0.0,3,3960.0,бТел
127,09:43:42,13.2,0.0,8,10560.0,бТел
128,09:43:45,13.2,0.0,9,11880.0,бТел
129,09:43:48,13.2,0.0,3,3960.0,бТел
130,09:43:51,13.24,0.040000000000000924,131,173214.0,бРел
131,09:44:00,13.21,-0.02999999999999936,1,1321.0,бТел
132,09:44:03,13.2,-0.010000000000001563,5,6600.0,жпптел
133,09:44:09,13.2,0.0,4,5280.0,бТел
134,09:44:30,13.2,0.0,3,3960.0,бТел
135,09:44:57,13.2,0.0,16,21123.0,бТел
136,09:45:00,13.2,0.0,1,1320.0,бТел
137,09:45:12,13.2,0.0,1,1320.0,бТел
138,09:45:15,13.2,0.0,5,6600.0,бРел
139,09:45:21,13.2,0.0,7,9240.0,бТел
140,09:45:24,13.21,0.010000000000001563,8,10568.0,бРел
141,09:45:27,13.21,0.0,4,5284.0,бРел
142,09:45:30,13.19,-0.02000000000000135,27,35613.0,бТел
143,09:45:33,13.19,0.0,2,2638.0,бТел
144,09:45:54,13.19,0.0,10,13190.0,бТел
145,09:45:57,13.19,0.0,50,65950.0,бТел
146,09:46:00,13.19,0.0,10,13190.0,бРел
147,09:46:15,13.17,-0.019999999999999574,360,474352.0,бТел
148,09:46:21,13.16,-0.009999999999999787,10,13160.0,бТел
149,09:46:24,13.16,0.0,2,2632.0,бТел
150,09:46:36,13.16,0.0,6,7896.0,бТел
151,09:46:42,13.16,0.0,39,51324.0,бТел
152,09:46:45,13.15,-0.009999999999999787,163,214345.0,бТел
153,09:46:48,13.16,0.009999999999999787,1,1316.0,бРел
154,09:46:51,13.15,-0.009999999999999787,1,1315.0,бТел
155,09:46:57,13.16,0.009999999999999787,2,2632.0,бРел
156,09:47:00,13.16,0.0,2,2632.0,бТел
157,09:47:03,13.17,0.009999999999999787,34,44778.0,бРел
158,09:47:06,13.15,-0.019999999999999574,7,9205.0,бТел
159,09:47:12,13.17,0.019999999999999574,30,39492.0,бРел
160,09:47:24,13.16,-0.009999999999999787,5,6580.0,бТел
161,09:47:27,13.16,0.0,2,2632.0,жпптел
162,09:47:33,13.16,0.0,20,26320.0,бТел
163,09:47:36,13.17,0.009999999999999787,3,3951.0,бРел
164,09:47:39,13.17,0.0,7,9219.0,бРел
165,09:48:03,13.17,0.0,3,3951.0,бТел
166,09:48:12,13.16,-0.009999999999999787,76,100027.0,бТел
167,09:48:18,13.19,0.02999999999999936,27,35535.0,бРел
168,09:48:24,13.16,-0.02999999999999936,8,10528.0,бТел
169,09:48:33,13.16,0.0,4,5264.0,бТел
170,09:48:36,13.16,0.0,4,5856.200000000186,бТел
171,09:48:42,13.16,0.0,0,723.7999999998137,бТел
172,09:48:51,13.16,0.0,160,211000.2000000002,бРел
173,09:48:54,13.16,0.0,3,3948.0,бТел
174,09:48:57,13.16,0.0,5,7303.799999999814,бТел
175,09:49:03,13.14,-0.019999999999999574,5,6576.0,бТел
176,09:49:21,13.14,0.0,3,3942.0,бТел
177,09:49:27,13.17,0.02999999999999936,19,25004.549999999814,бРел
178,09:49:36,13.15,-0.019999999999999574,20,26300.0,бТел
179,09:49:51,13.15,0.0,21,27615.0,бТел
180,09:50:06,13.15,0.0,19,25017.0,бТел
181,09:50:09,13.15,0.0,16,21040.0,бТел
182,09:50:15,13.16,0.009999999999999787,6,7896.0,бРел
183,09:50:30,13.16,0.0,2,2632.0,бРел
184,09:50:36,13.16,0.0,44,57904.0,бРел
185,09:50:51,13.16,0.0,24,31584.0,бТел
186,09:50:54,13.16,0.0,4,5264.0,бТел
187,09:51:03,13.16,0.0,6,7896.0,бТел
188,09:51:21,13.15,-0.009999999999999787,14,18410.0,бТел
189,09:51:24,13.16,0.009999999999999787,11,14476.0,бРел
190,09:51:27,13.16,0.0,1,1316.0,бТел
191,09:51:30,13.16,0.0,15,19740.0,бРел
192,09:51:33,13.16,0.0,5,6580.0,бРел
193,09:51:39,13.16,0.0,11,14476.0,бРел
194,09:51:48,13.15,-0.009999999999999787,3,3945.0,бТел
195,09:51:54,13.15,0.0,30,39450.0,бТел
196,09:52:06,13.16,0.009999999999999787,11,14476.0,бРел
197,09:52:09,13.15,-0.009999999999999787,14,18419.0,бТел
198,09:52:12,13.16,0.009999999999999787,3,3948.0,бРел
199,09:52:15,13.16,0.0,20,26320.0,бРел
200,09:52:18,13.16,0.0,104,136764.0,бРел
201,09:52:21,13.16,0.0,4,5264.0,бРел
202,09:52:30,13.16,0.0,3,3948.0,бРел
203,09:52:33,13.16,0.0,45,59257.0,бРел
204,09:52:36,13.17,0.009999999999999787,7,9811.650000000373,бРел
205,09:52:39,13.15,-0.019999999999999574,100,131565.09999999963,бТел
206,09:53:12,13.16,0.009999999999999787,6,7896.0,бТел
207,09:53:36,13.16,0.0,2,2632.0,бТел
208,09:54:03,13.16,0.0,2,2632.0,бТел
209,09:54:12,13.16,0.0,2,2632.0,бТел
210,09:54:24,13.16,0.0,81,106596.0,бТел
211,09:54:27,13.16,0.0,8,10528.0,бТел
212,09:54:36,13.16,0.0,7,9212.0,бТел
213,09:54:48,13.15,-0.009999999999999787,3,3945.0,бТел
214,09:55:00,13.16,0.009999999999999787,4,5264.0,бРел
215,09:55:06,13.16,0.0,2,2632.0,бРел
216,09:55:09,13.16,0.0,10,13160.0,бРел
217,09:55:15,13.16,0.0,4,5264.0,бРел
218,09:55:18,13.16,0.0,39,51324.0,бРел
219,09:55:21,13.17,0.009999999999999787,2,2634.0,бРел
220,09:55:24,13.17,0.0,2,2634.0,бРел
221,09:55:33,13.16,-0.009999999999999787,45,59220.0,бТел
222,09:55:39,13.18,0.019999999999999574,10,13180.0,бРел
223,09:55:42,13.16,-0.019999999999999574,3,3948.0,бТел
224,09:55:57,13.15,-0.009999999999999787,8,10520.0,бТел
225,09:56:00,13.15,0.0,4,5260.0,бТел
226,09:56:12,13.19,0.03999999999999915,3,3956.0,бРел
227,09:56:30,13.16,-0.02999999999999936,3,3948.0,бТел
228,09:56:45,13.16,0.0,49,64484.0,бТел
229,09:56:51,13.16,0.0,6,7896.0,бТел
230,09:56:57,13.16,0.0,53,69720.0,бТел
231,09:57:18,13.16,0.0,32,42112.0,бРел
232,09:57:21,13.16,0.0,7,9212.0,бРел
233,09:57:24,13.15,-0.009999999999999787,4,5263.0,бТел
234,09:57:27,13.19,0.03999999999999915,1,1319.0,бРел
235,09:57:39,13.18,-0.009999999999999787,7,9226.0,бТел
236,09:57:51,13.18,0.0,1,1318.0,бТел
237,09:58:00,13.19,0.009999999999999787,5,6595.0,бРел
238,09:58:03,13.19,0.0,5,6595.0,бРел
239,09:58:15,13.18,-0.009999999999999787,8,10544.0,бТел
240,09:58:18,13.16,-0.019999999999999574,3,3948.0,бТел
241,09:58:57,13.17,0.009999999999999787,2,2634.0,бТел
242,09:59:06,13.17,0.0,3,3951.0,бТел
243,09:59:12,13.17,0.0,2,2634.0,бТел
244,09:59:21,13.17,0.0,11,14487.0,бТел
245,09:59:51,13.17,0.0,12,15804.0,бТел
246,10:00:03,13.16,-0.009999999999999787,3,3948.0,бТел
247,10:00:06,13.16,0.0,11,14476.0,бТел
248,10:00:09,13.16,0.0,6,7896.0,бТел
249,10:00:15,13.16,0.0,4,5264.0,бТел
250,10:00:18,13.16,0.0,2,2632.0,бТел
251,10:00:30,13.16,0.0,9,11844.0,бТел
252,10:00:33,13.17,0.009999999999999787,1,1317.0,бРел
253,10:00:45,13.16,-0.009999999999999787,41,53956.0,бТел
254,10:00:54,13.16,0.0,2,2632.0,бТел
255,10:01:00,13.16,0.0,57,75012.0,бТел
256,10:01:03,13.16,0.0,4,5264.0,бРел
257,10:01:09,13.15,-0.009999999999999787,81,106531.0,бТел
258,10:01:12,13.16,0.009999999999999787,3,3948.0,бРел
259,10:01:15,13.17,0.009999999999999787,3,3951.0,бРел
260,10:01:18,13.17,0.0,1,1317.0,бРел
261,10:01:27,13.19,0.019999999999999574,6,7914.0,бРел
262,10:01:30,13.19,0.0,2,2638.0,бТел
263,10:01:33,13.17,-0.019999999999999574,3,3951.0,бТел
264,10:01:57,13.2,0.02999999999999936,3,3960.0,бРел
265,10:02:00,13.19,-0.009999999999999787,2,2638.0,бТел
266,10:02:09,13.19,0.0,4,5276.0,бТел
267,10:02:27,13.17,-0.019999999999999574,3,3952.0,бТел
268,10:02:54,13.17,0.0,20,26340.0,бТел
269,10:03:15,13.19,0.019999999999999574,20,26376.0,бРел
270,10:03:18,13.17,-0.019999999999999574,10,13182.0,бТел
271,10:03:21,13.17,0.0,12,15816.0,бТел
272,10:03:24,13.19,0.019999999999999574,1,1319.0,бРел
273,10:03:27,13.17,-0.019999999999999574,2,2634.0,бТел
274,10:03:30,13.17,0.0,8,10536.0,бТел
275,10:03:36,13.17,0.0,4,5268.0,бТел
276,10:04:12,13.17,0.0,2,2634.0,бТел
277,10:04:30,13.17,0.0,100,131700.0,бТел
278,10:04:36,13.19,0.019999999999999574,8,10552.0,бРел
279,10:04:39,13.19,0.0,3,3957.0,бТел
280,10:04:42,13.19,0.0,4,5276.0,бРел
281,10:04:48,13.19,0.0,6,7914.0,бТел
282,10:04:51,13.19,0.0,3,3957.0,бТел
283,10:05:30,13.19,0.0,3,3957.0,бТел
284,10:05:42,13.19,0.0,1,1319.0,бТел
285,10:06:18,13.19,0.0,2,2638.0,бТел
286,10:06:36,13.19,0.0,8,10552.0,бТел
287,10:06:42,13.19,0.0,8,10552.0,бТел
288,10:07:30,13.19,0.0,2,2638.0,бТел
289,10:07:33,13.2,0.009999999999999787,10,13200.0,бРел
290,10:07:39,13.19,-0.009999999999999787,4,5276.0,бТел
291,10:07:42,13.2,0.009999999999999787,7,9240.0,бРел
292,10:07:48,13.19,-0.009999999999999787,4,5276.0,бТел
293,10:07:57,13.19,0.0,3,3957.0,бТел
294,10:08:21,13.19,0.0,8,10552.0,бТел
295,10:08:36,13.19,0.0,3,3957.0,бТел
296,10:09:00,13.19,0.0,8,10552.0,бТел
297,10:09:03,13.17,-0.019999999999999574,2,2634.0,бТел
298,10:09:18,13.17,0.0,2,2634.0,бТел
299,10:09:45,13.17,0.0,3,3951.0,бТел
300,10:10:15,13.2,0.02999999999999936,13,17160.0,бРел
301,10:10:18,13.17,-0.02999999999999936,18,23751.0,бТел
302,10:10:21,13.21,0.040000000000000924,2,2642.0,бРел
303,10:10:27,13.21,0.0,1,1321.0,бТел
304,10:10:42,13.2,-0.010000000000001563,12,15840.0,бТел
305,10:11:06,13.22,0.02000000000000135,4,5288.0,бРел
306,10:11:09,13.23,0.009999999999999787,55,72752.0,бРел
307,10:11:27,13.23,0.0,32,42336.0,бРел
308,10:11:57,13.2,-0.030000000000001137,1,1320.0,бТел
309,10:12:21,13.2,0.0,6,7920.0,бТел
310,10:12:36,13.23,0.030000000000001137,8,10584.0,бРел
311,10:12:42,13.23,0.0,2,2646.0,бРел
312,10:12:45,13.21,-0.019999999999999574,2,2643.0,бТел
313,10:12:51,13.23,0.019999999999999574,9,11907.0,бРел
314,10:12:54,13.23,0.0,4,5292.0,бТел
315,10:13:18,13.23,0.0,5,6615.0,бТел
316,10:13:27,13.23,0.0,12,15876.0,бТел
317,10:13:33,13.24,0.009999999999999787,1,1324.0,бРел
318,10:13:42,13.23,-0.009999999999999787,30,39690.0,бТел
319,10:13:45,13.23,0.0,13,17202.0,бТел
320,10:14:03,13.24,0.009999999999999787,16,21184.0,бРел
321,10:14:09,13.24,0.0,10,13240.0,бРел
322,10:14:15,13.24,0.0,8,10592.0,бРел
323,10:14:21,13.24,0.0,5,6620.0,бРел
324,10:14:36,13.24,0.0,7,9268.0,бРел
325,10:14:42,13.24,0.0,7,9268.0,бРел
326,10:14:48,13.24,0.0,59,78123.0,бРел
327,10:14:51,13.25,0.009999999999999787,4,5300.0,бРел
328,10:14:54,13.25,0.0,4,5300.0,бРел
329,10:14:57,13.25,0.0,3,3975.0,бРел
330,10:15:06,13.24,-0.009999999999999787,8,10599.0,бТел
331,10:15:45,13.24,0.0,2,2648.0,бТел
332,10:15:48,13.25,0.009999999999999787,1,1325.0,бРел
333,10:15:51,13.25,0.0,2,2650.0,бРел
334,10:16:21,13.24,-0.009999999999999787,2,2648.0,бТел
335,10:16:27,13.24,0.0,2,2648.0,бТел
336,10:16:30,13.24,0.0,22,29128.0,бТел
337,10:16:33,13.24,0.0,88,116571.0,бТел
338,10:16:36,13.24,0.0,2,2648.0,бТел
339,10:16:39,13.24,0.0,2,2648.0,бТел
340,10:16:42,13.24,0.0,8,10592.0,бТел
341,10:16:45,13.23,-0.009999999999999787,2,2646.0,бТел
342,10:16:54,13.23,0.0,20,26460.0,бТел
343,10:17:09,13.23,0.0,2,2646.0,бТел
344,10:17:27,13.24,0.009999999999999787,2,2648.0,бРел
345,10:17:45,13.23,-0.009999999999999787,8,10584.0,бТел
346,10:17:54,13.24,0.009999999999999787,3,3972.0,бРел
347,10:18:12,13.24,0.0,7,9268.0,бРел
348,10:18:45,13.24,0.0,2,2648.0,бРел
349,10:19:00,13.23,-0.009999999999999787,100,132300.0,бТел
350,10:19:18,13.23,0.0,33,43659.0,бТел
351,10:19:24,13.23,0.0,5,6615.0,бТел
352,10:19:33,13.24,0.009999999999999787,1,1324.0,бРел
353,10:19:45,13.23,-0.009999999999999787,4,5292.0,бТел
354,10:19:48,13.24,0.009999999999999787,6,7944.0,бРел
355,10:19:57,13.24,0.0,27,35748.0,бРел
356,10:20:03,13.24,0.0,71,93990.0,бРел
357,10:20:06,13.24,0.0,27,35748.0,бРел
358,10:20:09,13.24,0.0,77,101948.0,бРел
359,10:20:15,13.25,0.009999999999999787,6,7950.0,бРел
360,10:20:18,13.25,0.0,102,135150.0,бРел
361,10:20:21,13.26,0.009999999999999787,12,15912.0,бРел
362,10:20:27,13.26,0.0,26,34476.0,бРел
363,10:20:42,13.27,0.009999999999999787,48,63696.0,бРел
364,10:20:51,13.27,0.0,2,2654.0,бРел
365,10:20:54,13.27,0.0,1,1327.0,бТел
366,10:20:57,13.27,0.0,10,13270.0,бРел
367,10:21:00,13.27,0.0,2,2654.0,бРел
368,10:21:03,13.25,-0.019999999999999574,2,2650.0,бТел
369,10:21:21,13.24,-0.009999999999999787,1,1324.0,бТел
370,10:21:24,13.25,0.009999999999999787,4,5300.0,жпптел
371,10:21:27,13.25,0.0,5,6625.0,бРел
372,10:22:00,13.26,0.009999999999999787,3,3978.0,бТел
373,10:22:15,13.26,0.0,27,35802.0,бТел
374,10:22:30,13.26,0.0,2,2652.0,бТел
375,10:22:45,13.25,-0.009999999999999787,2,2650.0,бТел
376,10:22:54,13.25,0.0,10,13250.0,бТел
377,10:23:00,13.25,0.0,1,1325.0,бТел
378,10:23:30,13.25,0.0,1,1325.0,бТел
379,10:23:33,13.25,0.0,10,13250.0,бТел
380,10:23:51,13.25,0.0,3,3975.0,бТел
381,10:24:09,13.25,0.0,7,10003.75,бТел
382,10:24:27,13.26,0.009999999999999787,3,3978.0,бРел
383,10:24:30,13.25,-0.009999999999999787,1,1325.0,бТел
384,10:24:33,13.26,0.009999999999999787,1,1326.0,бРел
385,10:24:36,13.25,-0.009999999999999787,2,2650.0,бТел
386,10:24:57,13.25,0.0,6,7950.0,бТел
387,10:25:09,13.25,0.0,2,2650.0,бТел
388,10:25:27,13.25,0.0,3,3975.0,бТел
389,10:25:42,13.25,0.0,40,53000.0,бТел
390,10:26:21,13.25,0.0,26,35046.25,бТел
391,10:26:24,13.24,-0.009999999999999787,3,3973.0,бТел
392,10:26:57,13.24,0.0,10,13240.0,бТел
393,10:27:39,13.24,0.0,1,1324.0,бТел
394,10:27:48,13.24,0.0,11,15067.120000000112,бТел
395,10:27:57,13.24,0.0,8,11412.879999999888,бТел
396,10:28:00,13.23,-0.009999999999999787,0,727.6500000003725,бТел
397,10:28:03,13.24,0.009999999999999787,200,264799.99999999907,бРел
398,10:28:39,13.24,0.0,3,3972.0,бРел
399,10:28:45,13.23,-0.009999999999999787,1,1323.0,бТел
400,10:29:12,13.23,0.0,1,1323.0,бТел
401,10:29:15,13.24,0.009999999999999787,11,14564.0,бРел
402,10:29:18,13.24,0.0,1,1324.0,бРел
403,10:29:21,13.24,0.0,1,1324.0,бРел
404,10:29:24,13.24,0.0,75,99300.0,бРел
405,10:29:27,13.23,-0.009999999999999787,6,7943.0,бТел
406,10:29:36,13.24,0.009999999999999787,70,93183.12000000104,бРел
407,10:29:51,13.25,0.009999999999999787,5,7526.0,бРел
408,10:29:54,13.25,0.0,1,1325.0,бТел
409,10:30:00,13.25,0.0,1,1325.0,бТел
410,10:30:03,13.25,0.0,2,3074.0,бТел
411,10:30:06,13.25,0.0,0,901.0,бРел
412,10:30:18,13.25,0.0,3,4399.0,бТел
413,10:30:21,13.25,0.0,16,22101.0,бРел
414,10:30:24,13.24,-0.009999999999999787,11,15809.879999998957,бТел
415,10:30:27,13.24,0.0,8,10671.440000001341,бРел
416,10:30:33,13.25,0.009999999999999787,5,6625.0,бРел
417,10:30:36,13.24,-0.009999999999999787,3,3972.0,бРел
418,10:30:45,13.23,-0.009999999999999787,4,5292.0,бТел
419,10:30:54,13.23,0.0,8,10584.0,бТел
420,10:31:06,13.23,0.0,9,11907.0,бТел
421,10:31:09,13.23,0.0,5,6615.0,бТел
422,10:31:12,13.23,0.0,8,10584.0,бТел
423,10:31:18,13.23,0.0,11,14556.0,бТел
424,10:31:27,13.23,0.0,4,5292.0,бТел
425,10:31:33,13.23,0.0,5,6615.0,бТел
426,10:31:36,13.23,0.0,4,5292.0,бТел
427,10:31:57,13.23,0.0,115,152145.0,бТел
428,10:32:00,13.23,0.0,4,5292.0,бТел
429,10:32:21,13.23,0.0,1,1323.0,бТел
430,10:32:24,13.23,0.0,37,48951.0,бТел
431,10:32:27,13.23,0.0,7,9261.0,бТел
432,10:32:30,13.23,0.0,36,48223.34999999963,бТел
433,10:32:36,13.22,-0.009999999999999787,5,6610.0,бТел
434,10:32:42,13.22,0.0,2,2644.0,бТел
435,10:32:45,13.22,0.0,8,10576.0,бТел
436,10:32:51,13.22,0.0,5,6610.0,бТел
437,10:32:57,13.22,0.0,3,3966.0,бТел
438,10:33:27,13.22,0.0,1,1322.0,бТел
439,10:33:36,13.22,0.0,8,10576.0,бТел
440,10:33:42,13.22,0.0,1,1322.0,бТел
441,10:33:48,13.22,0.0,5,6610.0,бТел
442,10:34:03,13.22,0.0,5,6610.0,бТел
443,10:34:09,13.23,0.009999999999999787,7,9260.0,бРел
444,10:34:18,13.22,-0.009999999999999787,18,23801.0,бТел
445,10:34:24,13.22,0.0,2,2644.0,бТел
446,10:34:42,13.22,0.0,24,31728.0,бТел
447,10:34:45,13.22,0.0,110,145420.0,бТел
448,10:34:51,13.22,0.0,66,87252.0,бТел
449,10:34:54,13.22,0.0,40,52880.0,бТел
450,10:35:18,13.22,0.0,18,23796.0,бТел
451,10:35:21,13.23,0.009999999999999787,1,1323.0,бРел
452,10:35:30,13.22,-0.009999999999999787,1,1322.0,бТел
453,10:35:54,13.22,0.0,1,1322.0,бТел
454,10:36:00,13.22,0.0,6,7932.0,бТел
455,10:36:21,13.23,0.009999999999999787,15,19845.0,бРел
456,10:37:06,13.22,-0.009999999999999787,1,1322.0,бТел
457,10:37:21,13.22,0.0,1,1322.0,бТел
458,10:37:57,13.22,0.0,10,13220.0,бТел
459,10:38:03,13.22,0.0,2,2644.0,бТел
460,10:38:06,13.22,0.0,10,13220.0,бТел
461,10:38:15,13.21,-0.009999999999999787,2,2642.0,бТел
462,10:38:24,13.21,0.0,11,14531.0,бТел
463,10:38:33,13.21,0.0,21,27741.0,бРел
464,10:39:09,13.21,0.0,2,2642.0,бТел
465,10:39:18,13.22,0.009999999999999787,1,1322.0,бРел
466,10:39:21,13.21,-0.009999999999999787,1,1321.0,бТел
467,10:39:30,13.22,0.009999999999999787,14,18508.0,бРел
468,10:39:33,13.22,0.0,10,13220.0,бРел
469,10:39:36,13.22,0.0,59,77998.0,бРел
470,10:39:39,13.23,0.009999999999999787,201,266470.6500000004,бРел
471,10:39:57,13.27,0.03999999999999915,6,7962.0,бРел
472,10:40:03,13.25,-0.019999999999999574,3,3975.0,бРел
473,10:40:12,13.27,0.019999999999999574,10,13270.0,бРел
474,10:40:15,13.27,0.0,13,17251.0,бРел
475,10:40:18,13.28,0.009999999999999787,17,22576.0,бРел
476,10:40:21,13.28,0.0,3,3984.0,бРел
477,10:40:24,13.29,0.009999999999999787,67,88977.0,бРел
478,10:40:27,13.28,-0.009999999999999787,8,10628.0,бТел
479,10:40:30,13.29,0.009999999999999787,11,14619.0,бРел
480,10:40:33,13.28,-0.009999999999999787,1,1328.0,бТел
481,10:40:39,13.29,0.009999999999999787,35,46515.0,бРел
482,10:40:42,13.3,0.010000000000001563,42,55854.0,бРел
483,10:40:54,13.3,0.0,112,150157.0,бРел
484,10:40:57,13.29,-0.010000000000001563,20,26730.0,бТел
485,10:41:00,13.29,0.0,2,2658.0,бРел
486,10:41:03,13.28,-0.009999999999999787,3,3985.0,бТел
487,10:41:06,13.28,0.0,43,57104.0,бТел
488,10:41:12,13.26,-0.019999999999999574,8,10608.0,бРел
489,10:41:21,13.31,0.05000000000000071,10,13307.0,бРел
490,10:41:24,13.29,-0.02000000000000135,5,6645.0,жпптел
491,10:41:27,13.29,0.0,10,13290.0,бТел
492,10:41:39,13.29,0.0,1,1329.0,бРел
493,10:41:45,13.24,-0.049999999999998934,1,1324.0,бТел
494,10:41:57,13.28,0.03999999999999915,2,2656.0,бРел
495,10:42:15,13.28,0.0,1,1328.0,бРел
496,10:42:30,13.28,0.0,4,5312.0,бРел
497,10:42:36,13.3,0.02000000000000135,21,27885.0,бРел
498,10:42:39,13.29,-0.010000000000001563,8,10626.0,жпптел
499,10:42:51,13.26,-0.02999999999999936,2,2652.0,бТел
500,10:42:57,13.24,-0.019999999999999574,2,2650.0,бТел
501,10:43:00,13.28,0.03999999999999915,2,2656.0,бРел
502,10:43:06,13.27,-0.009999999999999787,16,21190.0,бРел
503,10:43:09,13.24,-0.02999999999999936,3,3972.0,бТел
504,10:43:24,13.24,0.0,2,2648.0,бТел
505,10:43:30,13.27,0.02999999999999936,10,13270.0,бРел
506,10:43:39,13.27,0.0,2,2654.0,бРел
507,10:43:42,13.27,0.0,2,2654.0,бРел
508,10:43:54,13.24,-0.02999999999999936,3,3972.0,бТел
509,10:44:00,13.27,0.02999999999999936,11,14597.0,бРел
510,10:44:03,13.24,-0.02999999999999936,1,1324.0,бТел
511,10:44:06,13.27,0.02999999999999936,1,1327.0,бРел
512,10:44:12,13.27,0.0,1,1327.0,бРел
513,10:44:15,13.3,0.030000000000001137,302,401621.0,бРел
514,10:44:42,13.3,0.0,35,46548.0,бРел
515,10:44:54,13.29,-0.010000000000001563,8,10632.0,бРел
516,10:45:03,13.26,-0.02999999999999936,1,1326.0,бТел
517,10:45:06,13.26,0.0,2,2652.0,бТел
518,10:45:18,13.25,-0.009999999999999787,1,1325.0,бТел
519,10:45:24,13.29,0.03999999999999915,17,22572.0,бРел
520,10:45:27,13.26,-0.02999999999999936,2,2652.0,жпптел
521,10:45:36,13.27,0.009999999999999787,13,17251.0,бРел
522,10:46:03,13.27,0.0,7,9290.0,бТел
523,10:46:12,13.27,0.0,11,14597.0,бТел
524,10:46:21,13.27,0.0,11,14597.0,бТел
525,10:46:24,13.27,0.0,11,14597.0,бТел
526,10:46:27,13.27,0.0,1,1327.0,бТел
527,10:46:30,13.27,0.0,2,2654.0,бТел
528,10:46:33,13.27,0.0,40,53080.0,бТел
529,10:46:36,13.27,0.0,7,9289.0,бТел
530,10:46:39,13.27,0.0,33,43791.0,бТел
531,10:46:42,13.27,0.0,1,1327.0,бТел
532,10:46:45,13.26,-0.009999999999999787,14,18564.0,бТел
533,10:46:48,13.25,-0.009999999999999787,17,22540.0,бТел
534,10:46:54,13.25,0.0,7,9275.0,бТел
535,10:46:57,13.25,0.0,2,2650.0,бТел
536,10:47:09,13.25,0.0,2,2650.0,бТел
537,10:47:12,13.25,0.0,5,6625.0,бТел
538,10:47:15,13.25,0.0,2,2650.0,бТел
539,10:47:24,13.24,-0.009999999999999787,5,6623.0,бТел
540,10:47:27,13.24,0.0,1,1324.0,бТел
541,10:47:33,13.24,0.0,2,2648.0,бТел
542,10:47:39,13.24,0.0,6,7944.0,бТел
543,10:47:42,13.24,0.0,2,2648.0,бТел
544,10:47:48,13.25,0.009999999999999787,6,7950.0,бРел
545,10:47:51,13.24,-0.009999999999999787,2,2648.0,бТел
546,10:47:54,13.24,0.0,2,2648.0,бТел
547,10:47:57,13.24,0.0,2,2648.0,бТел
548,10:48:00,13.23,-0.009999999999999787,2,2646.0,бТел
549,10:48:06,13.23,0.0,2,2646.0,бТел
550,10:48:09,13.23,0.0,8,10584.0,бТел
551,10:48:18,13.22,-0.009999999999999787,3,3966.0,бТел
552,10:48:24,13.22,0.0,5,6610.0,бТел
553,10:48:27,13.22,0.0,2,2644.0,бТел
554,10:48:36,13.22,0.0,8,10576.0,бТел
555,10:48:45,13.25,0.02999999999999936,7,9275.0,бРел
556,10:48:48,13.25,0.0,2,2650.0,бТел
557,10:48:54,13.23,-0.019999999999999574,7,9259.0,бТел
558,10:49:03,13.26,0.02999999999999936,20,26520.0,бРел
559,10:49:06,13.26,0.0,19,25194.0,бТел
560,10:49:45,13.22,-0.03999999999999915,2,2644.0,бТел
561,10:49:57,13.22,0.0,2,2644.0,бТел
562,10:50:03,13.22,0.0,2,2644.0,бТел
563,10:50:12,13.22,0.0,2,2644.0,бТел
564,10:50:15,13.25,0.02999999999999936,8,10600.0,бРел
565,10:50:33,13.28,0.02999999999999936,1,1328.0,бРел
566,10:51:03,13.28,0.0,1,1328.0,бРел
567,10:51:21,13.25,-0.02999999999999936,1,1325.0,бТел
568,10:51:33,13.28,0.02999999999999936,4,5312.0,бРел
569,10:51:48,13.28,0.0,8,10624.0,бРел
570,10:52:42,13.28,0.0,31,41168.0,бРел
571,10:53:18,13.28,0.0,106,140746.0,бРел
572,10:54:18,13.25,-0.02999999999999936,3,3975.0,бТел
573,10:54:30,13.28,0.02999999999999936,2,2656.0,бРел
574,10:54:42,13.28,0.0,2,2656.0,бРел
575,10:54:45,13.28,0.0,30,39840.0,бРел
576,10:54:48,13.28,0.0,1,1328.0,бРел
577,10:54:57,13.28,0.0,1,1660.0,бРел
578,10:55:00,13.28,0.0,8,11620.0,бТел
579,10:55:12,13.25,-0.02999999999999936,1,1325.0,бТел
580,10:55:18,13.25,0.0,12,15941.75,бТел
581,10:55:57,13.29,0.03999999999999915,5,6645.0,бРел
582,10:56:03,13.29,0.0,1,1329.0,бРел
583,10:56:33,13.29,0.0,1,1329.0,бРел
584,10:56:48,13.29,0.0,1,1329.0,бРел
585,10:56:51,13.29,0.0,25,33225.0,бРел
586,10:56:54,13.29,0.0,2,2658.0,бРел
587,10:57:24,13.29,0.0,27,35882.0,бРел
588,10:57:27,13.3,0.010000000000001563,3,4322.25,бРел
589,10:58:21,13.29,-0.010000000000001563,1,1329.0,бТел
590,10:58:54,13.31,0.02000000000000135,43,57208.0,бРел
591,10:58:57,13.29,-0.02000000000000135,50,66450.0,бТел
592,10:59:00,13.31,0.02000000000000135,3,3993.0,бРел
593,10:59:03,13.31,0.0,1,1331.0,бРел
594,10:59:06,13.31,0.0,14,18634.0,бРел
595,10:59:09,13.31,0.0,1,1331.0,бРел
596,10:59:21,13.31,0.0,1,1331.0,бТел
597,10:59:24,13.29,-0.02000000000000135,16,21268.0,бТел
598,10:59:42,13.29,0.0,50,66450.0,бТел
599,11:00:06,13.31,0.02000000000000135,8,10648.0,бРел
600,11:00:12,13.32,0.009999999999999787,14,18646.0,бРел
601,11:00:15,13.32,0.0,15,19980.0,бРел
602,11:00:18,13.33,0.009999999999999787,47,62648.0,бРел
603,11:00:21,13.33,0.0,22,29325.0,бРел
604,11:00:24,13.35,0.019999999999999574,104,138674.0,бРел
605,11:00:27,13.36,0.009999999999999787,20,26719.0,бРел
606,11:00:30,13.36,0.0,4,5344.0,бРел
607,11:00:33,13.36,0.0,15,20040.0,бРел
608,11:00:36,13.38,0.02000000000000135,45,60145.0,бРел
609,11:00:42,13.38,0.0,2,2676.0,бРел
610,11:00:48,13.38,0.0,20,26760.0,бРел
611,11:00:51,13.38,0.0,2,2676.0,бРел
612,11:00:54,13.38,0.0,3,4014.0,бРел
613,11:00:57,13.39,0.009999999999999787,2,2678.0,бРел
614,11:01:09,13.38,-0.009999999999999787,11,14718.0,бТел
615,11:01:12,13.37,-0.010000000000001563,3,4011.0,жпптел
616,11:01:24,13.36,-0.009999999999999787,25,33400.0,бТел
617,11:01:27,13.36,0.0,16,21376.0,бТел
618,11:01:39,13.35,-0.009999999999999787,4,5340.0,бРел
619,11:01:45,13.35,0.0,1,1335.0,бРел
620,11:01:48,13.36,0.009999999999999787,9,12019.0,бРел
621,11:01:51,13.35,-0.009999999999999787,14,18690.0,бТел
622,11:02:15,13.35,0.0,2,2670.0,бРел
623,11:02:18,13.34,-0.009999999999999787,11,14675.0,бТел
624,11:02:21,13.34,0.0,1,1334.0,бРел
625,11:02:24,13.33,-0.009999999999999787,1,1333.0,бТел
626,11:02:36,13.33,0.0,1,1333.0,бТел
627,11:02:48,13.33,0.0,17,22661.0,бТел
628,11:02:51,13.34,0.009999999999999787,20,26662.0,бРел
629,11:03:03,13.33,-0.009999999999999787,11,14663.0,бРел
630,11:03:06,13.33,0.0,1,1333.0,бРел
631,11:03:12,13.33,0.0,38,50654.0,бРел
632,11:03:18,13.34,0.009999999999999787,27,36018.0,бРел
633,11:03:24,13.33,-0.009999999999999787,1,1333.0,бТел
634,11:04:06,13.34,0.009999999999999787,34,45356.0,бРел
635,11:04:24,13.34,0.0,1,1334.0,бТел
636,11:04:27,13.35,0.009999999999999787,4,5340.0,бРел
637,11:04:30,13.34,-0.009999999999999787,50,66700.0,бТел
638,11:04:33,13.35,0.009999999999999787,17,22695.0,бРел
639,11:05:51,13.35,0.0,6,8010.0,бРел
640,11:05:57,13.34,-0.009999999999999787,50,66700.0,бТел
641,11:06:06,13.34,0.0,4,5336.0,бТел
642,11:06:18,13.34,0.0,15,20010.0,бТел
643,11:06:24,13.34,0.0,50,66700.0,бТел
644,11:06:27,13.34,0.0,20,26680.0,бТел
645,11:06:30,13.34,0.0,1,1334.0,бТел
646,11:06:33,13.34,0.0,23,30682.0,бТел
647,11:06:36,13.33,-0.009999999999999787,15,19995.0,бТел
648,11:06:54,13.33,0.0,77,102641.0,бТел
649,11:07:27,13.32,-0.009999999999999787,1,1332.0,бТел
650,11:07:42,13.32,0.0,2,2664.0,бТел
651,11:08:06,13.3,-0.019999999999999574,2,2660.0,бТел
652,11:08:27,13.3,0.0,1,1330.0,бТел
653,11:08:33,13.3,0.0,2,2660.0,жпптел
654,11:08:51,13.29,-0.010000000000001563,2,2658.0,бТел
655,11:09:27,13.29,0.0,1,1329.0,бТел
656,11:09:45,13.29,0.0,5,6645.0,бТел
657,11:10:09,13.29,0.0,1,1329.0,бТел
658,11:10:18,13.29,0.0,23,30567.0,бТел
659,11:10:48,13.29,0.0,8,10632.0,бТел
660,11:10:51,13.29,0.0,10,13290.0,бРел
661,11:10:54,13.29,0.0,2,2658.0,бРел
662,11:11:03,13.28,-0.009999999999999787,9,11952.0,бТел
663,11:11:06,13.28,0.0,66,87648.0,бТел
664,11:11:36,13.25,-0.02999999999999936,1,1325.0,бТел
665,11:12:03,13.27,0.019999999999999574,5,6635.0,бРел
666,11:12:12,13.25,-0.019999999999999574,2,2650.0,бТел
667,11:12:24,13.27,0.019999999999999574,3,3981.0,бРел
668,11:12:30,13.25,-0.019999999999999574,1,1325.0,бТел
669,11:13:30,13.25,0.0,1,1325.0,бТел
670,11:14:45,13.27,0.019999999999999574,7,9289.0,бРел
671,11:15:09,13.26,-0.009999999999999787,2,2652.0,бТел
672,11:15:21,13.29,0.02999999999999936,105,139426.0,бРел
673,11:15:30,13.26,-0.02999999999999936,1,1326.0,бТел
674,11:16:36,13.26,0.0,1,1326.0,бТел
675,11:16:54,13.27,0.009999999999999787,16,21232.0,бТел
676,11:16:57,13.27,0.0,2,2654.0,бРел
677,11:17:00,13.27,0.0,3,3981.0,бРел
678,11:17:06,13.27,0.0,3,3979.0,бРел
679,11:17:33,13.27,0.0,1,1327.0,бТел
680,11:18:03,13.29,0.019999999999999574,1,1329.0,бРел
681,11:18:15,13.27,-0.019999999999999574,2,2654.0,бТел
682,11:18:30,13.27,0.0,19,25213.0,бТел
683,11:18:42,13.26,-0.009999999999999787,1,1326.0,бТел
684,11:18:48,13.27,0.009999999999999787,1,1327.0,бРел
685,11:18:51,13.27,0.0,2,2654.0,бРел
686,11:18:57,13.27,0.0,1,1327.0,бРел
687,11:19:00,13.26,-0.009999999999999787,1,1326.0,бТел
688,11:19:06,13.27,0.009999999999999787,3,3981.0,бРел
689,11:19:27,13.26,-0.009999999999999787,2,2652.0,бТел
690,11:19:42,13.26,0.0,2,2652.0,бТел
691,11:19:48,13.26,0.0,2,2652.0,бТел
692,11:19:51,13.26,0.0,11,14586.0,бТел
693,11:19:54,13.25,-0.009999999999999787,2,2650.0,бТел
694,11:20:03,13.26,0.009999999999999787,4,5302.0,бРел
695,11:20:06,13.26,0.0,4,5304.0,бТел
696,11:20:24,13.27,0.009999999999999787,8,10614.0,бРел
697,11:20:27,13.25,-0.019999999999999574,6,7955.0,бТел
698,11:20:33,13.25,0.0,1,1325.0,бТел
699,11:20:45,13.25,0.0,4,5300.0,бТел
700,11:21:39,13.25,0.0,1,1325.0,бТел
701,11:21:54,13.26,0.009999999999999787,4,5304.0,бТел
702,11:22:36,13.26,0.0,1,1326.0,бТел
703,11:22:48,13.27,0.009999999999999787,1,1327.0,бРел
704,11:23:33,13.25,-0.019999999999999574,2,2650.0,бТел
705,11:23:36,13.25,0.0,2,2650.0,бТел
706,11:23:57,13.25,0.0,50,66250.0,бТел
707,11:24:18,13.27,0.019999999999999574,1,1327.0,бРел
708,11:24:36,13.25,-0.019999999999999574,1,1325.0,бТел
709,11:25:06,13.25,0.0,3,3975.0,бТел
710,11:25:09,13.27,0.019999999999999574,1,1327.0,бРел
711,11:25:18,13.27,0.0,1,1327.0,бРел
712,11:25:36,13.27,0.0,9,12272.75,бРел
713,11:25:45,13.29,0.019999999999999574,2,2658.0,бРел
714,11:26:00,13.29,0.0,1,1329.0,бРел
715,11:26:03,13.29,0.0,1,1329.0,бРел
716,11:26:21,13.27,-0.019999999999999574,6,7962.0,бТел
717,11:26:33,13.27,0.0,1,1327.0,бТел
718,11:26:42,13.27,0.0,1,1327.0,бТел
719,11:26:48,13.29,0.019999999999999574,2,2658.0,бРел
720,11:27:36,13.28,-0.009999999999999787,1,1328.0,бТел
721,11:27:54,13.28,0.0,3,3984.0,бТел
722,11:28:00,13.29,0.009999999999999787,10,13290.0,бРел
723,11:28:12,13.27,-0.019999999999999574,73,97875.25,бТел
724,11:28:18,13.27,0.0,0,331.75,бРел
725,11:28:27,13.27,0.0,0,995.25,бТел
726,11:29:39,13.26,-0.009999999999999787,1,1326.0,бТел
727,11:29:57,13.27,0.009999999999999787,1,1658.75,бРел
728,13:00:03,13.29,0.019999999999999574,17,23580.25,бРел
729,13:00:06,13.27,-0.019999999999999574,9,11957.0,жпптел
730,13:00:09,13.29,0.019999999999999574,79,104991.0,бРел
731,13:00:12,13.3,0.010000000000001563,6,7980.0,бРел
732,13:00:15,13.3,0.0,3,3990.0,бРел
733,13:00:54,13.27,-0.030000000000001137,2,2654.0,бТел
734,13:01:03,13.27,0.0,1,1327.0,бТел
735,13:01:30,13.27,0.0,2,2654.0,бТел
736,13:01:33,13.27,0.0,1,1327.0,бРел
737,13:02:27,13.25,-0.019999999999999574,3,3975.0,бТел
738,13:02:57,13.25,0.0,10,13250.0,бТел
739,13:03:03,13.25,0.0,1,1325.0,бТел
740,13:04:03,13.26,0.009999999999999787,1,1326.0,бТел
741,13:04:06,13.27,0.009999999999999787,3,3981.0,бРел
742,13:04:24,13.26,-0.009999999999999787,16,21216.0,бТел
743,13:04:45,13.25,-0.009999999999999787,4,5303.0,бТел
744,13:04:54,13.25,0.0,4,5300.0,бТел
745,13:05:03,13.25,0.0,1,1325.0,бТел
746,13:05:12,13.26,0.009999999999999787,12,15912.0,бРел
747,13:05:15,13.25,-0.009999999999999787,1,1325.0,бТел
748,13:05:45,13.26,0.009999999999999787,6,7956.0,бРел
749,13:05:48,13.25,-0.009999999999999787,6,7950.0,бТел
750,13:06:09,13.25,0.0,1,1325.0,бТел
751,13:07:00,13.25,0.0,20,26500.0,бТел
752,13:07:33,13.26,0.009999999999999787,4,5304.0,бРел
753,13:08:06,13.25,-0.009999999999999787,1,1325.0,бТел
754,13:08:48,13.26,0.009999999999999787,1,1326.0,бРел
755,13:08:51,13.26,0.0,1,1326.0,бРел
756,13:09:03,13.25,-0.009999999999999787,50,66250.0,бТел
757,13:09:06,13.25,0.0,1,1325.0,бТел
758,13:09:18,13.26,0.009999999999999787,12,15912.0,бРел
759,13:09:21,13.27,0.009999999999999787,4,5308.0,бТел
760,13:10:00,13.27,0.0,9,11943.0,бРел
761,13:10:06,13.27,0.0,1,1327.0,бТел
762,13:11:18,13.28,0.009999999999999787,1,1328.0,бРел
763,13:12:00,13.27,-0.009999999999999787,2,2655.0,бТел
764,13:12:09,13.27,0.0,1,1327.0,бТел
765,13:12:12,13.28,0.009999999999999787,27,35856.0,бРел
766,13:12:15,13.28,0.0,7,9296.0,бТел
767,13:12:18,13.27,-0.009999999999999787,5,6639.0,бТел
768,13:12:36,13.26,-0.009999999999999787,1,1326.0,бТел
769,13:12:39,13.26,0.0,1,1326.0,бТел
770,13:13:03,13.26,0.0,4,5304.0,бТел
771,13:13:09,13.26,0.0,1,1326.0,бТел
772,13:13:39,13.28,0.019999999999999574,1,1328.0,бРел
773,13:13:48,13.28,0.0,10,13280.0,бРел
774,13:13:51,13.29,0.009999999999999787,23,30545.0,бРел
775,13:14:09,13.29,0.0,1,1329.0,бТел
776,13:14:54,13.29,0.0,8,10632.0,бТел
777,13:15:09,13.28,-0.009999999999999787,1,1328.0,бТел
778,13:15:33,13.28,0.0,10,13280.0,бТел
779,13:16:06,13.27,-0.009999999999999787,10,13272.0,бТел
780,13:16:12,13.27,0.0,1,1327.0,бРел
781,13:16:15,13.27,0.0,2,2654.0,бРел
782,13:16:18,13.27,0.0,1,1327.0,бРел
783,13:16:21,13.27,0.0,5,6635.0,бРел
784,13:16:39,13.26,-0.009999999999999787,13,17238.0,бТел
785,13:17:12,13.26,0.0,1,1326.0,бТел
786,13:17:15,13.27,0.009999999999999787,1,1327.0,бРел
787,13:17:33,13.27,0.0,1,1327.0,бРел
788,13:17:42,13.27,0.0,2,2654.0,бРел
789,13:17:51,13.26,-0.009999999999999787,5,6630.0,бТел
790,13:17:54,13.27,0.009999999999999787,1,1327.0,бРел
791,13:18:03,13.27,0.0,5,6635.0,бРел
792,13:18:12,13.26,-0.009999999999999787,1,1326.0,бТел
793,13:18:27,13.26,0.0,1,1326.0,бТел
794,13:19:12,13.26,0.0,1,1326.0,бТел
795,13:19:15,13.26,0.0,2,2652.0,бТел
796,13:19:57,13.26,0.0,1,1326.0,бТел
797,13:20:12,13.26,0.0,1,1326.0,бТел
798,13:20:18,13.27,0.009999999999999787,1,1327.0,бРел
799,13:20:21,13.27,0.0,7,9289.0,бРел
800,13:21:15,13.27,0.0,1,1327.0,бТел
801,13:21:27,13.27,0.0,1,1327.0,бТел
802,13:22:15,13.27,0.0,1,1327.0,бТел
803,13:22:48,13.27,0.0,5,6635.0,бТел
804,13:22:57,13.26,-0.009999999999999787,2,2652.0,бТел
805,13:23:12,13.26,0.0,1,1326.0,бТел
806,13:24:15,13.26,0.0,1,1326.0,бТел
807,13:24:27,13.26,0.0,1,1326.0,бТел
808,13:25:39,13.26,0.0,12,15912.0,бТел
809,13:25:57,13.26,0.0,2,2652.0,бТел
810,13:26:00,13.26,0.0,1,1326.0,бТел
811,13:26:15,13.25,-0.009999999999999787,1,1325.0,бТел
812,13:26:45,13.25,0.0,19,25175.0,бТел
813,13:26:51,13.25,0.0,1,1325.0,жпптел
814,13:27:03,13.26,0.009999999999999787,1,1326.0,бТел
815,13:27:06,13.26,0.0,2,2651.0,бРел
816,13:27:09,13.26,0.0,3,3978.0,бРел
817,13:27:18,13.26,0.0,6,7955.0,бРел
818,13:27:27,13.25,-0.009999999999999787,1,1325.0,бТел
819,13:27:45,13.25,0.0,2,2650.0,бТел
820,13:28:18,13.25,0.0,1,1325.0,бТел
821,13:28:57,13.25,0.0,2,2651.0,бТел
822,13:29:03,13.25,0.0,1,1325.0,бТел
823,13:29:48,13.27,0.019999999999999574,1,1327.0,бРел
824,13:30:09,13.26,-0.009999999999999787,6,7956.0,бТел
825,13:30:12,13.25,-0.009999999999999787,13,17225.0,бТел
826,13:30:15,13.25,0.0,2,2650.0,бТел
827,13:30:18,13.25,0.0,2,2650.0,бТел
828,13:30:21,13.25,0.0,1,1325.0,бТел
829,13:30:24,13.25,0.0,2,2650.0,бРел
830,13:30:27,13.24,-0.009999999999999787,1,1324.0,бТел
831,13:30:42,13.26,0.019999999999999574,3,3978.0,бРел
832,13:31:06,13.25,-0.009999999999999787,10,13250.0,бРел
833,13:31:18,13.25,0.0,2,2651.0,бТел
834,13:31:27,13.25,0.0,4,5300.0,бТел
835,13:31:48,13.24,-0.009999999999999787,99,131076.0,бТел
836,13:31:54,13.23,-0.009999999999999787,6,7938.0,бТел
837,13:31:57,13.23,0.0,48,63504.0,бТел
838,13:32:00,13.22,-0.009999999999999787,3,3966.0,бТел
839,13:32:03,13.23,0.009999999999999787,1,1323.0,бРел
840,13:32:06,13.22,-0.009999999999999787,125,165250.0,бТел
841,13:32:12,13.22,0.0,3,3966.0,бРел
842,13:32:18,13.21,-0.009999999999999787,1,1321.0,бТел
843,13:32:24,13.22,0.009999999999999787,10,13220.0,бРел
844,13:32:39,13.22,0.0,5,6610.0,бРел
845,13:32:48,13.22,0.0,1,1322.0,бРел
846,13:33:03,13.22,0.0,7,9254.0,бРел
847,13:33:15,13.22,0.0,17,22474.0,бТел
848,13:33:27,13.22,0.0,1,1322.0,бТел
849,13:33:45,13.23,0.009999999999999787,1,1323.0,бРел
850,13:33:48,13.23,0.0,10,13230.0,бРел
851,13:33:51,13.23,0.0,3,3969.0,бРел
852,13:34:18,13.23,0.0,2,2647.0,бТел
853,13:34:21,13.23,0.0,1,1323.0,бТел
854,13:34:30,13.24,0.009999999999999787,10,13240.0,бРел
855,13:34:57,13.23,-0.009999999999999787,1,1323.0,бТел
856,13:35:03,13.25,0.019999999999999574,1,1325.0,бРел
857,13:35:21,13.23,-0.019999999999999574,1,1323.0,бТел
858,13:35:24,13.25,0.019999999999999574,5,6625.0,бРел
859,13:35:48,13.26,0.009999999999999787,1,1326.0,бРел
860,13:35:57,13.26,0.0,1,1326.0,бРел
861,13:36:03,13.23,-0.02999999999999936,3,3973.0,бТел
862,13:36:18,13.23,0.0,25,33075.0,бТел
863,13:36:21,13.23,0.0,1,1323.0,бТел
864,13:36:24,13.24,0.009999999999999787,1,1324.0,жпптел
865,13:36:27,13.24,0.0,1,1324.0,бТел
866,13:36:33,13.26,0.019999999999999574,1,1326.0,бРел
867,13:36:36,13.23,-0.02999999999999936,1,1323.0,бТел
868,13:37:18,13.26,0.02999999999999936,1,1326.0,бРел
869,13:37:21,13.24,-0.019999999999999574,1,1324.0,бТел
870,13:37:45,13.23,-0.009999999999999787,23,30441.0,бТел
871,13:37:57,13.24,0.009999999999999787,2,2648.0,жпптел
872,13:38:06,13.25,0.009999999999999787,1,1325.0,бРел
873,13:38:33,13.25,0.0,4,5300.0,бРел
874,13:38:48,13.26,0.009999999999999787,1,1326.0,бРел
875,13:39:09,13.26,0.0,2,2652.0,бРел
876,13:39:18,13.26,0.0,1,1326.0,бРел
877,13:39:21,13.26,0.0,40,53039.0,бРел
878,13:39:27,13.26,0.0,1,1326.0,бТел
879,13:39:39,13.27,0.009999999999999787,10,13270.0,бТел
880,13:39:42,13.27,0.0,13,17251.0,бТел
881,13:40:12,13.27,0.0,3,3981.0,бТел
882,13:40:15,13.28,0.009999999999999787,1,1328.0,бРел
883,13:40:18,13.29,0.009999999999999787,1,1329.0,бРел
884,13:40:21,13.27,-0.019999999999999574,1,1327.0,бТел
885,13:40:24,13.27,0.0,20,26540.0,бТел
886,13:40:33,13.27,0.0,5,6635.0,бТел
887,13:40:36,13.27,0.0,5,6635.0,бТел
888,13:40:57,13.27,0.0,2,2654.0,бТел
889,13:41:03,13.29,0.019999999999999574,1,1329.0,бРел
890,13:41:18,13.27,-0.019999999999999574,6,7962.0,бТел
891,13:41:24,13.27,0.0,1,1327.0,бТел
892,13:41:27,13.29,0.019999999999999574,47,62463.0,бРел
893,13:41:39,13.27,-0.019999999999999574,25,33181.0,бТел
894,13:41:48,13.26,-0.009999999999999787,66,87519.0,бТел
895,13:42:33,13.28,0.019999999999999574,1,1328.0,бРел
896,13:42:39,13.28,0.0,1,1328.0,бРел
897,13:42:42,13.27,-0.009999999999999787,1,1327.0,бРел
898,13:42:57,13.27,0.0,2,2654.0,бТел
899,13:43:18,13.27,0.0,1,1327.0,бРел
900,13:43:24,13.26,-0.009999999999999787,1,1326.0,бТел
901,13:43:57,13.26,0.0,2,2652.0,бТел
902,13:44:03,13.27,0.009999999999999787,1,1327.0,бРел
903,13:44:09,13.26,-0.009999999999999787,1,1326.0,бТел
904,13:44:27,13.26,0.0,1,1326.0,бТел
905,13:44:39,13.26,0.0,2,2652.0,бТел
906,13:44:48,13.27,0.009999999999999787,1,1327.0,бРел
907,13:45:03,13.28,0.009999999999999787,1,1328.0,бРел
908,13:45:24,13.26,-0.019999999999999574,1,1856.3999999985099,бТел
909,13:45:30,13.28,0.019999999999999574,18,23904.0,бРел
910,13:45:45,13.29,0.009999999999999787,2,2658.0,бРел
911,13:46:00,13.28,-0.009999999999999787,3,3984.0,бТел
912,13:46:03,13.28,0.0,1,1328.0,бТел
913,13:46:18,13.28,0.0,1,1328.0,бРел
914,13:46:24,13.26,-0.019999999999999574,1,1326.0,бТел
915,13:46:57,13.26,0.0,2,2652.0,бТел
916,13:47:03,13.28,0.019999999999999574,1,1328.0,бРел
917,13:47:33,13.26,-0.019999999999999574,10,13260.0,бТел
918,13:47:39,13.26,0.0,2,2652.0,бТел
919,13:47:48,13.28,0.019999999999999574,1,1328.0,бРел
920,13:48:18,13.28,0.0,1,1328.0,бРел
921,13:48:24,13.26,-0.019999999999999574,1,1326.0,бТел
922,13:48:48,13.26,0.0,5,6630.0,бТел
923,13:48:51,13.26,0.0,26,34476.0,бТел
924,13:48:54,13.26,0.0,13,18033.60000000149,бТел
925,13:49:06,13.25,-0.009999999999999787,3,3975.0,бТел
926,13:49:18,13.26,0.009999999999999787,1,1326.0,бРел
927,13:49:27,13.23,-0.02999999999999936,1,1323.0,бТел
928,13:50:03,13.25,0.019999999999999574,1,1325.0,бРел
929,13:50:33,13.25,0.0,3,3975.0,бРел
930,13:50:36,13.23,-0.019999999999999574,1,1323.0,бТел
931,13:50:48,13.25,0.019999999999999574,1,1325.0,бРел
932,13:50:54,13.23,-0.019999999999999574,2,2646.0,бТел
933,13:50:57,13.23,0.0,9,11907.0,бТел
934,13:51:09,13.23,0.0,5,6615.0,бТел
935,13:51:12,13.23,0.0,42,55566.0,бТел
936,13:51:33,13.25,0.019999999999999574,1,1325.0,бРел
937,13:51:48,13.23,-0.019999999999999574,4,5292.0,бТел
938,13:51:51,13.23,0.0,4,5292.0,бТел
939,13:51:57,13.23,0.0,2,2646.0,бТел
940,13:52:00,13.23,0.0,2,2646.0,бТел
941,13:52:03,13.23,0.0,3,3971.0,бТел
942,13:52:09,13.23,0.0,3,3969.0,бТел
943,13:52:27,13.23,0.0,1,1323.0,бТел
944,13:52:39,13.25,0.019999999999999574,4,5296.0,бРел
945,13:52:42,13.23,-0.019999999999999574,4,5292.0,бТел
946,13:52:57,13.23,0.0,9,11907.0,бТел
947,13:53:03,13.24,0.009999999999999787,1,1324.0,бРел
948,13:53:06,13.23,-0.009999999999999787,1,1323.0,бТел
949,13:53:27,13.23,0.0,1,1323.0,бТел
950,13:53:33,13.24,0.009999999999999787,1,1324.0,бРел
951,13:53:51,13.24,0.0,1,1324.0,бРел
952,13:54:03,13.24,0.0,6,7944.0,бРел
953,13:54:06,13.24,0.0,1,1324.0,бРел
954,13:54:09,13.24,0.0,20,26480.0,бРел
955,13:54:30,13.23,-0.009999999999999787,1,1323.0,бТел
956,13:54:54,13.23,0.0,18,23814.0,бТел
957,13:55:03,13.23,0.0,3,3969.0,бРел
958,13:55:12,13.23,0.0,1,1323.0,бРел
959,13:55:21,13.23,0.0,2,2646.0,бРел
960,13:55:24,13.22,-0.009999999999999787,2,2644.0,бТел
961,13:55:30,13.22,0.0,4,5288.0,бТел
962,13:55:36,13.22,0.0,1,1322.0,бТел
963,13:56:00,13.22,0.0,16,21152.0,бТел
964,13:56:03,13.24,0.019999999999999574,1,1324.0,бРел
965,13:56:18,13.22,-0.019999999999999574,17,22474.0,бТел
966,13:56:33,13.24,0.019999999999999574,4,5296.0,бРел
967,13:56:36,13.23,-0.009999999999999787,1,1323.0,бТел
968,13:56:48,13.23,0.0,1,1323.0,бРел
969,13:57:12,13.23,0.0,3,3969.0,бРел
970,13:57:21,13.22,-0.009999999999999787,8,10576.0,бТел
971,13:57:30,13.22,0.0,1,1322.0,бТел
972,13:57:33,13.23,0.009999999999999787,1,1323.0,бРел
973,13:57:54,13.22,-0.009999999999999787,13,17186.0,бТел
974,13:58:03,13.23,0.009999999999999787,1,1323.0,бРел
975,13:58:12,13.23,0.0,8,10584.0,бРел
976,13:58:18,13.23,0.0,26,34398.0,бТел
977,13:58:30,13.22,-0.009999999999999787,1,1322.0,бТел
978,13:59:03,13.23,0.009999999999999787,1,1323.0,бРел
979,13:59:27,13.22,-0.009999999999999787,25,33050.0,бТел
980,13:59:30,13.22,0.0,1,1322.0,бТел
981,13:59:33,13.22,0.0,1,1322.0,бТел
982,13:59:48,13.23,0.009999999999999787,2,2646.0,бРел
983,14:00:15,13.23,0.0,1,1323.0,бРел
984,14:00:21,13.22,-0.009999999999999787,108,143833.59999999963,бТел
985,14:00:24,13.22,0.0,22,29084.0,бТел
986,14:00:30,13.22,0.0,1,1322.0,бТел
987,14:00:39,13.22,0.0,3,4230.4000000003725,бТел
988,14:00:45,13.21,-0.009999999999999787,2,2642.0,бТел
989,14:00:57,13.22,0.009999999999999787,6,7932.0,бТел
990,14:01:09,13.22,0.0,3,3966.0,бТел
991,14:01:12,13.23,0.009999999999999787,20,26457.0,бРел
992,14:01:18,13.21,-0.019999999999999574,9,11889.0,бТел
993,14:01:24,13.23,0.019999999999999574,21,27783.0,бРел
994,14:01:27,13.23,0.0,9,11907.0,бРел
995,14:01:33,13.21,-0.019999999999999574,1,1321.0,бТел
996,14:01:36,13.22,0.009999999999999787,1,1322.0,бТел
997,14:01:45,13.22,0.0,1,1322.0,бТел
998,14:02:33,13.22,0.0,1,1322.0,бТел
999,14:02:36,13.22,0.0,13,17186.0,бТел
1000,14:03:03,13.22,0.0,2,2644.0,бРел
1001,14:03:12,13.21,-0.009999999999999787,54,71334.0,бТел
1002,14:03:21,13.22,0.009999999999999787,30,39660.0,бРел
1003,14:03:24,13.22,0.0,8,10576.0,бРел
1004,14:03:27,13.22,0.0,17,22474.0,бТел
1005,14:03:33,13.21,-0.009999999999999787,1,1321.0,бТел
1006,14:03:57,13.21,0.0,2,2642.0,бТел
1007,14:04:00,13.21,0.0,1,1321.0,бТел
1008,14:04:12,13.21,0.0,7,9247.0,бТел
1009,14:04:24,13.21,0.0,5,6605.0,бТел
1010,14:04:33,13.21,0.0,1,1321.0,бТел
1011,14:04:57,13.21,0.0,50,66050.0,бТел
1012,14:05:00,13.21,0.0,15,19815.0,бТел
1013,14:05:03,13.23,0.019999999999999574,1,1323.0,бРел
1014,14:05:21,13.21,-0.019999999999999574,3,3963.0,бТел
1015,14:05:48,13.21,0.0,10,13210.0,бТел
1016,14:05:57,13.23,0.019999999999999574,40,52920.0,бРел
1017,14:06:03,13.21,-0.019999999999999574,2,2642.0,бТел
1018,14:06:18,13.23,0.019999999999999574,4,5292.0,бРел
1019,14:06:27,13.21,-0.019999999999999574,3,3963.0,бТел
1020,14:06:33,13.21,0.0,1,1321.0,бТел
1021,14:07:15,13.21,0.0,55,72679.0,бТел
1022,14:07:18,13.23,0.019999999999999574,1,1323.0,бРел
1023,14:07:33,13.21,-0.019999999999999574,1,1321.0,бТел
1024,14:08:06,13.21,0.0,4,5284.0,бТел
1025,14:08:27,13.22,0.009999999999999787,12,15864.0,бТел
1026,14:08:33,13.23,0.009999999999999787,1,1323.0,бРел
1027,14:08:36,13.22,-0.009999999999999787,1,1322.0,бТел
1028,14:08:39,13.21,-0.009999999999999787,3,3963.0,бТел
1029,14:08:42,13.21,0.0,4,5284.0,бТел
1030,14:08:45,13.21,0.0,4,5284.0,бТел
1031,14:08:51,13.22,0.009999999999999787,3,3966.0,бРел
1032,14:09:09,13.21,-0.009999999999999787,42,55482.0,бТел
1033,14:09:12,13.21,0.0,58,76618.0,бТел
1034,14:09:15,13.21,0.0,23,30383.0,бТел
1035,14:09:24,13.2,-0.010000000000001563,11,14530.0,бТел
1036,14:09:33,13.21,0.010000000000001563,1,1321.0,бРел
1037,14:10:15,13.2,-0.010000000000001563,10,13200.0,бТел
1038,14:10:36,13.2,0.0,1,1320.0,бТел
1039,14:10:42,13.2,0.0,4,5280.0,бТел
1040,14:11:18,13.2,0.0,47,62040.0,бТел
1041,14:11:30,13.2,0.0,0,924.0,бТел
1042,14:11:36,13.2,0.0,1,1320.0,бТел
1043,14:12:12,13.2,0.0,2,2640.0,бТел
1044,14:12:18,13.2,0.0,11,14521.0,бТел
1045,14:12:33,13.21,0.010000000000001563,1,1321.0,бРел
1046,14:12:39,13.21,0.0,6,7925.0,бРел
1047,14:13:21,13.2,-0.010000000000001563,1,1320.0,бТел
1048,14:13:30,13.2,0.0,9,11888.0,бТел
1049,14:13:39,13.2,0.0,1,1320.0,бТел
1050,14:13:48,13.21,0.010000000000001563,1,1321.0,бРел
1051,14:13:54,13.2,-0.010000000000001563,10,13200.0,бТел
1052,14:14:15,13.2,0.0,21,27720.0,бТел
1053,14:14:21,13.2,0.0,3,3960.0,бТел
1054,14:14:30,13.2,0.0,1,1320.0,бТел
1055,14:15:30,13.21,0.010000000000001563,1,1321.0,бТел
1056,14:15:33,13.21,0.0,6,7926.0,бТел
1057,14:15:39,13.21,0.0,1,1321.0,бТел
1058,14:15:42,13.21,0.0,5,6605.0,бТел
1059,14:15:45,13.21,0.0,1,1321.0,бТел
1060,14:16:06,13.21,0.0,13,17173.0,бТел
1061,14:16:09,13.21,0.0,43,56803.0,бТел
1062,14:16:24,13.21,0.0,1,1321.0,бТел
1063,14:16:33,13.21,0.0,1,1321.0,бТел
1064,14:16:39,13.21,0.0,1,1321.0,бТел
1065,14:16:57,13.21,0.0,1,1321.0,бТел
1066,14:17:06,13.21,0.0,7,9247.0,бТел
1067,14:17:09,13.21,0.0,3,3963.0,бТел
1068,14:17:12,13.22,0.009999999999999787,1,1322.0,бРел
1069,14:17:18,13.22,0.0,1,1322.0,бРел
1070,14:17:21,13.21,-0.009999999999999787,10,13210.0,бТел
1071,14:17:27,13.21,0.0,88,116248.0,бТел
1072,14:17:33,13.2,-0.010000000000001563,1,1320.0,бТел
1073,14:17:39,13.2,0.0,10,13209.0,бТел
1074,14:18:03,13.21,0.010000000000001563,5,6605.0,бРел
1075,14:18:09,13.2,-0.010000000000001563,8,10562.0,бТел
1076,14:18:36,13.2,0.0,1,1320.0,бТел
1077,14:18:48,13.2,0.0,81,106922.0,бТел
1078,14:19:12,13.2,0.0,6,7920.0,бТел
1079,14:19:36,13.2,0.0,5,6600.0,бТел
1080,14:19:39,13.2,0.0,1,1320.0,бТел
1081,14:19:42,13.2,0.0,1,1320.0,бТел
1082,14:20:09,13.22,0.02000000000000135,1,1322.0,бРел
1083,14:20:12,13.22,0.0,8,10576.0,бРел
1084,14:20:24,13.22,0.0,3,3966.0,бРел
1085,14:20:42,13.2,-0.02000000000000135,1,1320.0,бТел
1086,14:20:51,13.21,0.010000000000001563,1,1321.0,бРел
1087,14:20:57,13.2,-0.010000000000001563,1,1320.0,бТел
1088,14:21:03,13.2,0.0,59,77880.0,бТел
1089,14:21:06,13.2,0.0,5,6600.0,бТел
1090,14:21:12,13.2,0.0,1,1320.0,бТел
1091,14:21:15,13.2,0.0,276,364320.0,бТел
1092,14:21:21,13.2,0.0,54,71676.0,бТел
1093,14:21:24,13.18,-0.019999999999999574,41,54068.0,бТел
1094,14:21:33,13.18,0.0,3,3955.0,бТел
1095,14:21:36,13.18,0.0,5,6590.0,бТел
1096,14:21:42,13.17,-0.009999999999999787,4,5268.0,бТел
1097,14:21:45,13.16,-0.009999999999999787,27,35554.0,бТел
1098,14:21:51,13.18,0.019999999999999574,2,2634.0,бРел
1099,14:21:54,13.16,-0.019999999999999574,59,77644.0,бТел
1100,14:22:00,13.16,0.0,1,1316.0,бТел
1101,14:22:03,13.18,0.019999999999999574,1,1318.0,бРел
1102,14:22:06,13.16,-0.019999999999999574,38,50008.0,бТел
1103,14:22:33,13.18,0.019999999999999574,1,1318.0,бРел
1104,14:22:36,13.18,0.0,4,5272.0,бРел
1105,14:22:42,13.18,0.0,1,1318.0,бТел
1106,14:23:03,13.18,0.0,4,5272.0,бТел
1107,14:23:06,13.19,0.009999999999999787,2,2637.0,бРел
1108,14:23:15,13.16,-0.02999999999999936,20,26326.0,бТел
1109,14:23:33,13.16,0.0,2,2632.0,бТел
1110,14:24:18,13.2,0.03999999999999915,1,1320.0,бРел
1111,14:24:30,13.16,-0.03999999999999915,1,1316.0,бТел
1112,14:24:42,13.16,0.0,51,67116.0,бТел
1113,14:24:51,13.16,0.0,2,3162.39999999851,бТел
1114,14:25:00,13.16,0.0,4,5264.0,бТел
1115,14:25:06,13.17,0.009999999999999787,5,6585.0,жпптел
1116,14:25:12,13.16,-0.009999999999999787,3,3948.0,бТел
1117,14:25:18,13.17,0.009999999999999787,1,1317.0,бРел
1118,14:25:24,13.17,0.0,3,3951.0,бРел
1119,14:25:27,13.16,-0.009999999999999787,6,7896.0,бТел
1120,14:25:33,13.17,0.009999999999999787,1,1317.0,бРел
1121,14:25:42,13.17,0.0,1,1317.0,бТел
1122,14:26:00,13.17,0.0,6,7902.0,бТел
1123,14:26:06,13.18,0.009999999999999787,8,10544.0,бРел
1124,14:26:18,13.18,0.0,1,1318.0,бРел
1125,14:26:33,13.17,-0.009999999999999787,1,1317.0,бТел
1126,14:26:36,13.17,0.0,6,7902.0,бТел
1127,14:26:48,13.17,0.0,1,1317.0,бТел
1128,14:26:57,13.17,0.0,1,1317.0,бТел
1129,14:27:00,13.17,0.0,11,14487.0,бТел
1130,14:27:03,13.17,0.0,4,5268.0,бТел
1131,14:27:12,13.17,0.0,5,6585.0,бТел
1132,14:27:18,13.17,0.0,1,1317.0,бТел
1133,14:27:21,13.17,0.0,34,44778.0,бТел
1134,14:27:30,13.18,0.009999999999999787,10,13171.0,бРел
1135,14:27:33,13.18,0.0,1,1318.0,бРел
1136,14:27:48,13.18,0.0,1,1318.0,бРел
1137,14:27:51,13.16,-0.019999999999999574,6,7896.0,бТел
1138,14:28:00,13.17,0.009999999999999787,1,1317.0,бТел
1139,14:28:03,13.16,-0.009999999999999787,102,134232.0,бТел
1140,14:28:09,13.16,0.0,5,6580.0,бТел
1141,14:28:12,13.16,0.0,3,3948.0,бТел
1142,14:28:15,13.15,-0.009999999999999787,69,91590.60000000149,бТел
1143,14:28:18,13.15,0.0,1,1315.0,бТел
1144,14:28:21,13.15,0.0,94,123610.0,бТел
1145,14:28:24,13.15,0.0,33,44118.25,бТел
1146,14:28:27,13.14,-0.009999999999999787,17,22338.0,бТел
1147,14:28:30,13.14,0.0,51,67014.0,бТел
1148,14:28:33,13.14,0.0,46,60444.0,бТел
1149,14:28:36,13.14,0.0,6,7884.0,бТел
1150,14:28:45,13.14,0.0,5,6570.0,бРел
1151,14:28:48,13.13,-0.009999999999999787,1,1313.0,бТел
1152,14:29:03,13.13,0.0,30,39390.0,бТел
1153,14:29:06,13.13,0.0,35,45975.0,бТел
1154,14:29:09,13.14,0.009999999999999787,2,2628.0,бРел
1155,14:29:18,13.15,0.009999999999999787,10,13150.0,бРел
1156,14:29:21,13.15,0.0,17,22355.0,бРел
1157,14:29:24,13.18,0.02999999999999936,4,5268.0,бРел
1158,14:29:27,13.18,0.0,4,5272.0,бРел
1159,14:29:36,13.16,-0.019999999999999574,1,1316.0,бТел
1160,14:29:45,13.15,-0.009999999999999787,1,1315.0,бТел
1161,14:29:48,13.16,0.009999999999999787,1,1316.0,бРел
1162,14:30:09,13.16,0.0,6,7895.0,бРел
1163,14:30:12,13.15,-0.009999999999999787,5,6575.0,бТел
1164,14:30:15,13.16,0.009999999999999787,2,2632.0,бРел
1165,14:30:30,13.15,-0.009999999999999787,10,13150.0,бТел
1166,14:30:42,13.16,0.009999999999999787,1,1316.0,бРел
1167,14:30:48,13.15,-0.009999999999999787,6,7890.0,бТел
1168,14:31:03,13.16,0.009999999999999787,44,57904.0,бРел
1169,14:31:06,13.17,0.009999999999999787,2,2634.0,бРел
1170,14:31:09,13.17,0.0,2,2634.0,бРел
1171,14:31:15,13.17,0.0,7,9219.0,бРел
1172,14:31:18,13.17,0.0,3,3951.0,бРел
1173,14:31:24,13.17,0.0,10,13170.0,бРел
1174,14:31:30,13.16,-0.009999999999999787,6,7896.0,бТел
1175,14:31:48,13.16,0.0,7,9212.0,бТел
1176,14:31:51,13.16,0.0,11,14481.0,бТел
1177,14:32:00,13.16,0.0,5,6580.0,бТел
1178,14:32:03,13.17,0.009999999999999787,27,35536.0,бРел
1179,14:32:21,13.17,0.0,3,3951.0,бРел
1180,14:32:27,13.17,0.0,2,2634.0,бРел
1181,14:32:30,13.17,0.0,15,19755.0,бРел
1182,14:32:33,13.17,0.0,2,2634.0,бРел
1183,14:32:36,13.16,-0.009999999999999787,3,3948.0,бТел
1184,14:32:39,13.16,0.0,4,5268.0,бТел
1185,14:32:45,13.18,0.019999999999999574,2,2636.0,бРел
1186,14:32:51,13.18,0.0,2,2636.0,бРел
1187,14:32:54,13.18,0.0,2,2636.0,бРел
1188,14:32:57,13.18,0.0,5,6590.0,бРел
1189,14:33:06,13.17,-0.009999999999999787,2,2634.0,бТел
1190,14:33:27,13.18,0.009999999999999787,1,1318.0,бРел
1191,14:33:30,13.18,0.0,6,7908.0,бРел
1192,14:33:42,13.18,0.0,5,6590.0,бРел
1193,14:33:48,13.18,0.0,2,2636.0,бРел
1194,14:34:00,13.17,-0.009999999999999787,20,26340.0,бТел
1195,14:34:03,13.17,0.0,30,39510.0,бТел
1196,14:34:09,13.17,0.0,4,5268.0,бТел
1197,14:34:33,13.17,0.0,6,7902.0,бТел
1198,14:35:06,13.17,0.0,2,2634.0,бТел
1199,14:35:30,13.17,0.0,35,46095.0,бТел
1200,14:35:39,13.16,-0.009999999999999787,3,3948.0,бТел
1201,14:35:48,13.17,0.009999999999999787,22,28974.0,бРел
1202,14:36:09,13.17,0.0,8,10536.0,бТел
1203,14:36:36,13.17,0.0,50,65850.0,бТел
1204,14:36:39,13.17,0.0,24,31608.0,бТел
1205,14:36:42,13.16,-0.009999999999999787,3,3948.0,бТел
1206,14:36:54,13.17,0.009999999999999787,1,1317.0,бРел
1207,14:37:06,13.16,-0.009999999999999787,10,13160.0,бТел
1208,14:37:09,13.16,0.0,4,5264.0,бТел
1209,14:37:12,13.16,0.0,7,9212.0,бТел
1210,14:37:18,13.17,0.009999999999999787,1,1317.0,бРел
1211,14:37:48,13.17,0.0,1,1317.0,бРел
1212,14:37:51,13.17,0.0,10,13170.0,бРел
1213,14:37:54,13.17,0.0,11,14487.0,бРел
1214,14:38:12,13.17,0.0,30,39510.0,бТел
1215,14:38:18,13.17,0.0,20,26340.0,бТел
1216,14:38:24,13.18,0.009999999999999787,25,32950.0,бРел
1217,14:38:27,13.18,0.0,1,1318.0,бРел
1218,14:38:30,13.18,0.0,8,10544.0,бРел
1219,14:38:33,13.18,0.0,1,1318.0,бРел
1220,14:38:36,13.18,0.0,1,1318.0,бРел
1221,14:38:39,13.17,-0.009999999999999787,4,5268.0,бТел
1222,14:38:51,13.18,0.009999999999999787,5,6590.0,бРел
1223,14:39:06,13.18,0.0,407,536982.0,бРел
1224,14:39:09,13.2,0.019999999999999574,2,2640.0,бРел
1225,14:39:18,13.18,-0.019999999999999574,21,27678.0,бТел
1226,14:39:27,13.18,0.0,2,2636.0,бРел
1227,14:39:33,13.18,0.0,2,2636.0,бРел
1228,14:39:36,13.17,-0.009999999999999787,3,3951.0,бТел
1229,14:39:42,13.18,0.009999999999999787,5,6590.0,бРел
1230,14:39:45,13.18,0.0,10,13180.0,бРел
1231,14:39:48,13.17,-0.009999999999999787,11,14497.0,бТел
1232,14:40:03,13.18,0.009999999999999787,1,1318.0,бРел
1233,14:40:06,13.18,0.0,3,3954.0,бРел
1234,14:40:09,13.17,-0.009999999999999787,3,3951.0,бТел
1235,14:40:15,13.17,0.0,6,7902.0,бТел
1236,14:40:18,13.17,0.0,2,2634.0,бТел
1237,14:40:21,13.17,0.0,24,31608.0,бТел
1238,14:40:24,13.17,0.0,14,18438.0,бТел
1239,14:40:36,13.17,0.0,10,13170.0,бТел
1240,14:40:51,13.18,0.009999999999999787,39,51730.5,бРел
1241,14:41:00,13.18,0.0,1,1318.0,бТел
1242,14:41:06,13.18,0.0,1,1318.0,бТел
1243,14:41:12,13.18,0.0,2,2636.0,бРел
1244,14:41:21,13.18,0.0,14,18452.0,бТел
1245,14:41:24,13.19,0.009999999999999787,32,42208.0,бРел
1246,14:41:42,13.19,0.0,20,26362.0,бРел
1247,14:41:48,13.18,-0.009999999999999787,5,6590.0,бТел
1248,14:41:57,13.18,0.0,1,1318.0,бТел
1249,14:42:12,13.19,0.009999999999999787,14,18466.0,бРел
1250,14:42:15,13.19,0.0,16,21103.0,бРел
1251,14:42:30,13.19,0.0,2,2638.0,бРел
1252,14:42:33,13.19,0.0,10,13189.0,бРел
1253,14:42:51,13.19,0.0,5,6595.0,бРел
1254,14:42:57,13.18,-0.009999999999999787,38,50086.0,бТел
1255,14:43:03,13.18,0.0,21,27678.0,бТел
1256,14:43:06,13.17,-0.009999999999999787,12,15814.0,бТел
1257,14:43:09,13.17,0.0,5,6585.0,бТел
1258,14:43:21,13.19,0.019999999999999574,32,42189.0,бРел
1259,14:43:27,13.17,-0.019999999999999574,10,13170.0,бТел
1260,14:43:33,13.17,0.0,1,1317.0,бТел
1261,14:43:36,13.19,0.019999999999999574,1,1319.0,бРел
1262,14:43:57,13.19,0.0,1,1319.0,бРел
1263,14:44:00,13.18,-0.009999999999999787,1,1318.0,бТел
1264,14:44:03,13.18,0.0,2,2637.0,бТел
1265,14:44:09,13.18,0.0,10,13180.0,бТел
1266,14:44:15,13.19,0.009999999999999787,6,7914.0,бРел
1267,14:44:18,13.18,-0.009999999999999787,9,11862.0,бТел
1268,14:44:24,13.18,0.0,1,1318.0,бРел
1269,14:44:33,13.18,0.0,5,6590.0,бРел
1270,14:44:42,13.17,-0.009999999999999787,4,5269.0,бТел
1271,14:44:54,13.17,0.0,12,15804.0,бТел
1272,14:44:57,13.18,0.009999999999999787,1,1318.0,бРел
1273,14:45:06,13.17,-0.009999999999999787,23,30311.0,бТел
1274,14:45:09,13.19,0.019999999999999574,12,15824.0,бРел
1275,14:45:12,13.19,0.0,37,48797.0,бРел
1276,14:45:36,13.19,0.0,2,2637.0,бРел
1277,14:45:42,13.18,-0.009999999999999787,1,1318.0,бРел
1278,14:46:09,13.18,0.0,7,9226.0,бТел
1279,14:46:18,13.18,0.0,16,21088.0,бТел
1280,14:46:24,13.18,0.0,10,13180.0,бРел
1281,14:46:27,13.18,0.0,2,2636.0,бРел
1282,14:46:33,13.18,0.0,5,6590.0,бРел
1283,14:46:48,13.19,0.009999999999999787,1,1319.0,бРел
1284,14:46:54,13.18,-0.009999999999999787,121,159478.0,жпптел
1285,14:46:57,13.18,0.0,11,14498.0,бТел
1286,14:47:00,13.18,0.0,1,1318.0,бТел
1287,14:47:09,13.17,-0.009999999999999787,2,2634.0,бТел
1288,14:47:15,13.18,0.009999999999999787,1,1318.0,бРел
1289,14:47:18,13.19,0.009999999999999787,9,11868.0,бРел
1290,14:47:21,13.17,-0.019999999999999574,8,10536.0,бТел
1291,14:47:24,13.18,0.009999999999999787,2,2636.0,бТел
1292,14:47:30,13.17,-0.009999999999999787,18,23706.0,бТел
1293,14:47:33,13.18,0.009999999999999787,5,6590.0,бРел
1294,14:47:39,13.17,-0.009999999999999787,4,5268.0,бТел
1295,14:47:42,13.18,0.009999999999999787,3,3954.0,бРел
1296,14:47:45,13.17,-0.009999999999999787,59,77703.0,бТел
1297,14:48:00,13.17,0.0,10,13179.0,бТел
1298,14:48:12,13.17,0.0,7,9219.0,бТел
1299,14:48:33,13.17,0.0,1,1317.0,бТел
1300,14:48:36,13.17,0.0,52,68484.0,бТел
1301,14:48:39,13.17,0.0,26,34242.0,бТел
1302,14:48:42,13.18,0.009999999999999787,3,3954.0,бРел
1303,14:48:45,13.18,0.0,5,6590.0,бРел
1304,14:49:09,13.18,0.0,44,57986.0,бРел
1305,14:49:21,13.18,0.0,6,7973.89999999851,бТел
1306,14:49:39,13.18,0.0,20,26360.0,бТел
1307,14:49:48,13.19,0.009999999999999787,43,57927.050000000745,бРел
1308,14:50:03,13.17,-0.019999999999999574,9,11853.0,бТел
1309,14:50:06,13.17,0.0,22,28974.0,бТел
1310,14:50:12,13.17,0.0,90,118530.0,бТел
1311,14:50:15,13.18,0.009999999999999787,19,25034.0,бРел
1312,14:50:18,13.17,-0.009999999999999787,12,15804.0,бТел
1313,14:50:21,13.17,0.0,9,11853.0,бТел
1314,14:50:24,13.17,0.0,2,2634.0,бТел
1315,14:50:33,13.17,0.0,6,7902.0,бТел
1316,14:50:39,13.17,0.0,4,5268.0,бТел
1317,14:50:51,13.17,0.0,2,2634.0,бТел
1318,14:51:00,13.17,0.0,14,18438.0,бТел
1319,14:51:06,13.17,0.0,35,46095.0,бТел
1320,14:51:09,13.17,0.0,3,3951.0,бТел
1321,14:51:12,13.17,0.0,10,13170.0,бТел
1322,14:51:15,13.17,0.0,59,77703.0,бТел
1323,14:51:21,13.16,-0.009999999999999787,3,3948.0,бТел
1324,14:51:24,13.16,0.0,324,426384.0,бТел
1325,14:51:27,13.16,0.0,55,72380.0,бТел
1326,14:51:30,13.16,0.0,3,3948.0,бТел
1327,14:51:33,13.16,0.0,6,7892.0,бРел
1328,14:51:39,13.16,0.0,40,52640.0,бРел
1329,14:51:54,13.16,0.0,26,34874.0,бРел
1330,14:51:57,13.15,-0.009999999999999787,30,39473.5,бТел
1331,14:52:06,13.17,0.019999999999999574,4,5268.0,бРел
1332,14:52:09,13.15,-0.019999999999999574,4,5260.0,бТел
1333,14:52:15,13.15,0.0,100,131500.0,бТел
1334,14:52:21,13.16,0.009999999999999787,2,2632.0,бРел
1335,14:52:27,13.15,-0.009999999999999787,21,27615.0,бТел
1336,14:52:30,13.16,0.009999999999999787,14,18424.0,бРел
1337,14:52:33,13.16,0.0,10,13160.0,бТел
1338,14:52:36,13.16,0.0,10,13168.0,бТел
1339,14:52:51,13.15,-0.009999999999999787,12,15781.0,бТел
1340,14:53:03,13.16,0.009999999999999787,7,9212.0,бРел
1341,14:53:06,13.15,-0.009999999999999787,70,92061.0,бТел
1342,14:53:09,13.17,0.019999999999999574,4,5265.0,бРел
1343,14:53:12,13.16,-0.009999999999999787,10,13168.0,жпптел
1344,14:53:24,13.16,0.0,6,7896.0,бРел
1345,14:53:27,13.15,-0.009999999999999787,12,16444.5,бТел
1346,14:53:30,13.15,0.0,1,1972.5,бРел
1347,14:53:33,13.16,0.009999999999999787,14,18424.0,бРел
1348,14:53:42,13.16,0.0,24,31580.0,жпптел
1349,14:53:45,13.15,-0.009999999999999787,16,21697.5,бТел
1350,14:53:48,13.15,0.0,3,4602.5,бРел
1351,14:53:51,13.16,0.009999999999999787,2,2632.0,бРел
1352,14:53:54,13.15,-0.009999999999999787,6,8550.5,бТел
1353,14:53:57,13.15,0.0,24,31560.0,бРел
1354,14:54:03,13.14,-0.009999999999999787,33,43365.0,бТел
1355,14:54:06,13.15,0.009999999999999787,7,9205.0,бРел
1356,14:54:09,13.15,0.0,7,9207.5,бРел
1357,14:54:12,13.15,0.0,21,28798.5,бРел
1358,14:54:15,13.16,0.009999999999999787,4,5264.0,бРел
1359,14:54:18,13.15,-0.009999999999999787,14,18541.5,бТел
1360,14:54:21,13.15,0.0,17,22355.0,бРел
1361,14:54:24,13.15,0.0,11,15648.5,бРел
1362,14:54:30,13.15,0.0,6,7890.0,бТел
1363,14:54:36,13.18,0.02999999999999936,45,59310.0,бРел
1364,14:54:42,13.19,0.009999999999999787,8,10552.0,бРел
1365,14:54:48,13.15,-0.03999999999999915,11,14495.0,бТел
1366,14:55:00,13.15,0.0,10,13150.0,бТел
1367,14:55:03,13.19,0.03999999999999915,119,156850.0,бРел
1368,14:55:12,13.16,-0.02999999999999936,6,7896.0,бТел
1369,14:55:18,13.15,-0.009999999999999787,7,10127.5,бТел
1370,14:55:21,13.16,0.009999999999999787,1,1316.0,бРел
1371,14:55:27,13.16,0.0,5,6580.0,бРел
1372,14:55:42,13.16,0.0,7,9212.0,бТел
1373,14:55:54,13.16,0.0,2,2632.0,бРел
1374,14:55:57,13.16,0.0,3,3947.0,бРел
1375,14:56:03,13.17,0.009999999999999787,3,3950.0,бРел
1376,14:56:06,13.17,0.0,10,13170.0,бРел
1377,14:56:21,13.18,0.009999999999999787,6,7907.0,бРел
1378,14:56:24,13.18,0.0,18,23719.0,бРел
1379,14:56:30,13.18,0.0,8,10544.0,бРел
1380,14:56:39,13.15,-0.02999999999999936,18,23680.0,бТел
1381,14:56:42,13.15,0.0,41,53918.0,бТел
1382,15:00:03,13.15,0.0,458,602270.0,бРел
