,Ёи╫╩й╠╪Д,Ёи╫╩╪ш,╪ш╦Я╠Д╤╞,Ёи╫╩а©ё╗йжё╘,Ёи╫╩╤Нё╗т╙ё╘,птжй
0,09:25:03,13.86,0.0,138,192044.16,бРел
1,09:30:09,13.93,0.07000000000000028,45,62588.0,жпптел
2,09:30:12,13.93,0.0,2,2786.0,бРел
3,09:30:15,13.86,-0.07000000000000028,22,30498.99999999997,бТел
4,09:30:18,13.86,0.0,1,1386.0,бТел
5,09:30:21,13.86,0.0,41,56826.0,бТел
6,09:30:24,13.86,0.0,20,27722.0,бТел
7,09:30:27,13.86,0.0,1,1386.0,бРел
8,09:30:33,13.78,-0.08000000000000007,10,13801.0,бТел
9,09:30:36,13.85,0.07000000000000028,8,11080.0,бРел
10,09:30:39,13.81,-0.03999999999999915,2,2762.0,бТел
11,09:30:42,13.84,0.02999999999999936,4,5530.0,бРел
12,09:30:45,13.81,-0.02999999999999936,2,2762.0,бТел
13,09:30:48,13.81,0.0,2,2762.0,бТел
14,09:30:51,13.81,0.0,3,4145.0,бТел
15,09:30:54,13.82,0.009999999999999787,15,20717.0,бРел
16,09:31:00,13.81,-0.009999999999999787,1,1381.0,бТел
17,09:31:03,13.81,0.0,3,4145.0,бТел
18,09:31:06,13.82,0.009999999999999787,32,44206.0,бРел
19,09:31:09,13.81,-0.009999999999999787,27,37289.00000000006,бТел
20,09:31:12,13.81,0.0,4,5524.0,бТел
21,09:31:15,13.81,0.0,22,30382.0,бРел
22,09:31:18,13.82,0.009999999999999787,12,16569.0,бРел
23,09:31:30,13.8,-0.019999999999999574,1,1380.0,жпптел
24,09:31:33,13.82,0.019999999999999574,18,24866.0,бРел
25,09:31:36,13.8,-0.019999999999999574,3,4141.0,бТел
26,09:31:39,13.85,0.049999999999998934,4,5531.0,бРел
27,09:31:57,13.85,0.0,3,4155.0,бТел
28,09:32:06,13.84,-0.009999999999999787,5,6923.0,бТел
29,09:32:15,13.84,0.0,1,1384.0,бТел
30,09:32:30,13.81,-0.02999999999999936,35,48400.0,бТел
31,09:32:33,13.81,0.0,1,1381.0,бТел
32,09:32:39,13.81,0.0,3,4142.0,бРел
33,09:32:42,13.8,-0.009999999999999787,9,12420.0,бТел
34,09:32:45,13.8,0.0,1,1380.0,бРел
35,09:33:03,13.78,-0.02000000000000135,2,2756.0,бТел
36,09:33:06,13.78,0.0,3,4134.0,бТел
37,09:33:12,13.78,0.0,2,2756.0,бРел
38,09:33:15,13.77,-0.009999999999999787,31,42687.0,бТел
39,09:33:18,13.75,-0.019999999999999574,37,50936.0,бТел
40,09:33:21,13.75,0.0,4,5504.0,бТел
41,09:33:24,13.75,0.0,9,12375.0,бТел
42,09:33:27,13.76,0.009999999999999787,7,9630.0,бРел
43,09:33:30,13.75,-0.009999999999999787,2,2750.0,бТел
44,09:33:33,13.75,0.0,6,8250.0,бТел
45,09:33:39,13.72,-0.02999999999999936,29,39824.0,бТел
46,09:33:45,13.72,0.0,2,2744.0,бТел
47,09:33:54,13.72,0.0,4,5488.0,бТел
48,09:33:57,13.72,0.0,6,8232.0,бТел
49,09:34:03,13.71,-0.009999999999999787,2,2742.0,бТел
50,09:34:06,13.71,0.0,100,137129.0,бТел
51,09:34:09,13.71,0.0,2,2742.0,бТел
52,09:34:12,13.72,0.009999999999999787,2,2744.0,бТел
53,09:34:15,13.72,0.0,2,2744.0,бТел
54,09:34:21,13.73,0.009999999999999787,26,35689.99999999988,бРел
55,09:34:24,13.72,-0.009999999999999787,13,17836.0,бТел
56,09:34:33,13.72,0.0,3,4116.0,бТел
57,09:34:42,13.72,0.0,3,4116.0,бТел
58,09:34:45,13.72,0.0,10,13720.0,бТел
59,09:34:48,13.7,-0.02000000000000135,170,233085.0,бТел
60,09:34:54,13.71,0.010000000000001563,10,13708.0,бРел
61,09:35:06,13.7,-0.010000000000001563,168,230160.0,бТел
62,09:35:09,13.7,0.0,27,36990.0,бТел
63,09:35:12,13.7,0.0,1,1370.0,бТел
64,09:35:18,13.7,0.0,30,41102.0,бРел
65,09:35:24,13.68,-0.019999999999999574,7,10109.520000000019,бТел
66,09:35:27,13.68,0.0,1,1368.0,бТел
67,09:35:30,13.68,0.0,18,24628.0,бТел
68,09:35:33,13.7,0.019999999999999574,21,28730.0,бРел
69,09:35:39,13.68,-0.019999999999999574,4,5472.0,бТел
70,09:35:48,13.68,0.0,60,82914.47999999998,бТел
71,09:35:51,13.68,0.0,1,1368.0,бРел
72,09:35:54,13.68,0.0,10,14213.520000000019,бРел
73,09:36:09,13.68,0.0,3,4106.0,бТел
74,09:36:12,13.68,0.0,58,79377.0,бТел
75,09:36:18,13.68,0.0,20,27371.0,бТел
76,09:36:24,13.67,-0.009999999999999787,68,93867.47999999998,бТел
77,09:36:27,13.68,0.009999999999999787,20,27360.0,бРел
78,09:36:30,13.68,0.0,1,1368.0,бРел
79,09:36:33,13.67,-0.009999999999999787,183,250244.00000000023,бТел
80,09:36:39,13.67,0.0,4,5469.0,бТел
81,09:36:42,13.68,0.009999999999999787,8,10944.0,бРел
82,09:36:45,13.68,0.0,6,8203.0,бРел
83,09:36:54,13.68,0.0,78,106676.0,бРел
84,09:37:00,13.68,0.0,2,2736.0,бРел
85,09:37:06,13.68,0.0,82,112176.0,бРел
86,09:37:12,13.67,-0.009999999999999787,5,6835.0,бТел
87,09:37:15,13.69,0.019999999999999574,22,30641.52000000002,бРел
88,09:37:21,13.69,0.0,8,10952.0,бРел
89,09:37:30,13.73,0.040000000000000924,1,1373.0,бРел
90,09:37:33,13.7,-0.030000000000001137,7,9590.0,бТел
91,09:37:42,13.7,0.0,37,50687.0,бРел
92,09:38:12,13.7,0.0,6,8220.0,бТел
93,09:38:21,13.7,0.0,41,56170.0,бТел
94,09:38:27,13.7,0.0,2,2740.0,бРел
95,09:38:33,13.7,0.0,7,9590.0,бРел
96,09:38:36,13.73,0.030000000000001137,1,1373.0,бРел
97,09:38:39,13.7,-0.030000000000001137,3,4110.0,бТел
98,09:39:03,13.73,0.030000000000001137,4,5492.0,бРел
99,09:39:09,13.74,0.009999999999999787,1,1374.0,жпптел
100,09:39:12,13.73,-0.009999999999999787,4,5492.0,бТел
101,09:39:15,13.7,-0.030000000000001137,160,219238.0,бТел
102,09:39:18,13.74,0.040000000000000924,1,1374.0,жпптел
103,09:39:21,13.73,-0.009999999999999787,1,1373.0,бТел
104,09:39:27,13.73,0.0,6,8238.0,жпптел
105,09:39:39,13.7,-0.030000000000001137,118,161661.0,бТел
106,09:39:42,13.73,0.030000000000001137,7,9596.0,бРел
107,09:39:45,13.7,-0.030000000000001137,33,45240.0,бТел
108,09:39:54,13.7,0.0,11,15070.0,бТел
109,09:40:00,13.7,0.0,16,21920.0,бТел
110,09:40:06,13.7,0.0,34,46580.0,бРел
111,09:40:09,13.71,0.010000000000001563,10,13705.0,бРел
112,09:40:12,13.7,-0.010000000000001563,2,2740.0,бТел
113,09:40:18,13.7,0.0,149,204130.0,бТел
114,09:40:21,13.72,0.02000000000000135,6,8229.0,бРел
115,09:40:24,13.71,-0.009999999999999787,8,10968.0,бТел
116,09:40:27,13.71,0.0,7,9597.0,бТел
117,09:40:33,13.69,-0.02000000000000135,42,57536.0,бТел
118,09:40:36,13.7,0.009999999999999787,18,24660.0,бРел
119,09:40:39,13.69,-0.009999999999999787,11,15066.0,бТел
120,09:40:51,13.69,0.0,12,16428.0,бТел
121,09:41:06,13.69,0.0,119,162793.0,бРел
122,09:41:09,13.7,0.009999999999999787,4,5477.0,бРел
123,09:41:12,13.68,-0.019999999999999574,10,13687.0,бТел
124,09:41:15,13.68,0.0,5,6840.0,бТел
125,09:41:21,13.69,0.009999999999999787,12,16422.0,бРел
126,09:41:24,13.68,-0.009999999999999787,19,25992.0,бТел
127,09:41:27,13.68,0.0,16,21888.0,бТел
128,09:41:30,13.68,0.0,25,34200.0,бТел
129,09:41:33,13.68,0.0,7,10410.479999999981,бТел
130,09:41:36,13.68,0.0,3,4104.0,бРел
131,09:41:39,13.66,-0.019999999999999574,3,4098.0,бТел
132,09:41:51,13.68,0.019999999999999574,5,6840.0,бРел
133,09:41:54,13.66,-0.019999999999999574,2,2732.0,бТел
134,09:42:00,13.66,0.0,6,8196.0,бТел
135,09:42:15,13.66,0.0,7,9562.0,бТел
136,09:42:18,13.68,0.019999999999999574,17,23789.52000000002,бРел
137,09:42:21,13.69,0.009999999999999787,50,69160.31000000006,бРел
138,09:42:36,13.69,0.0,2,2738.0,бРел
139,09:42:39,13.69,0.0,1,1369.0,бРел
140,09:42:45,13.66,-0.02999999999999936,4,5464.0,бТел
141,09:42:54,13.69,0.02999999999999936,1,1369.0,бРел
142,09:43:12,13.66,-0.02999999999999936,4,5464.0,бТел
143,09:43:33,13.66,0.0,5,6830.0,бТел
144,09:43:45,13.66,0.0,4,5464.0,бТел
145,09:43:57,13.7,0.03999999999999915,1,1370.0,бРел
146,09:44:00,13.7,0.0,16,21920.0,бРел
147,09:44:06,13.71,0.010000000000001563,1,1371.0,бРел
148,09:44:12,13.67,-0.040000000000000924,14,19138.0,бТел
149,09:44:21,13.72,0.05000000000000071,2,2744.0,бРел
150,09:44:36,13.69,-0.030000000000001137,4,5476.0,бТел
151,09:44:42,13.69,0.0,11,15059.0,бРел
152,09:44:45,13.69,0.0,9,12313.0,бРел
153,09:44:48,13.69,0.0,3,4107.0,бРел
154,09:44:51,13.69,0.0,1,1369.0,жпптел
155,09:44:57,13.69,0.0,22,30118.0,бТел
156,09:45:12,13.72,0.030000000000001137,5,6851.0,бРел
157,09:45:15,13.72,0.0,2,2744.0,бТел
158,09:45:24,13.72,0.0,2,2744.0,бТел
159,09:45:30,13.72,0.0,14,19208.0,бТел
160,09:45:42,13.69,-0.030000000000001137,4,5476.0,бТел
161,09:46:12,13.69,0.0,16,21904.0,бТел
162,09:46:15,13.69,0.0,3,4107.0,бТел
163,09:46:18,13.69,0.0,60,82140.0,бТел
164,09:46:21,13.69,0.0,3,4106.0,бРел
165,09:46:24,13.68,-0.009999999999999787,22,30096.0,бТел
166,09:46:27,13.69,0.009999999999999787,20,27380.0,бРел
167,09:46:30,13.68,-0.009999999999999787,5,6840.0,бТел
168,09:46:33,13.66,-0.019999999999999574,33,45116.0,бТел
169,09:46:45,13.66,0.0,1,1366.0,бТел
170,09:46:51,13.66,0.0,3,4098.0,бТел
171,09:47:09,13.65,-0.009999999999999787,174,237676.0,бТел
172,09:47:21,13.65,0.0,38,51870.0,бТел
173,09:47:27,13.65,0.0,54,73710.0,бРел
174,09:47:54,13.65,0.0,3,4095.0,бТел
175,09:48:24,13.65,0.0,5,6825.0,бТел
176,09:48:27,13.68,0.02999999999999936,2,2736.0,бРел
177,09:48:42,13.68,0.0,2,2736.0,бРел
178,09:48:51,13.69,0.009999999999999787,6,8209.0,бРел
179,09:48:54,13.68,-0.009999999999999787,3,4104.0,бТел
180,09:48:57,13.69,0.009999999999999787,6,8212.0,бРел
181,09:49:00,13.68,-0.009999999999999787,2,2737.0,жпптел
182,09:49:03,13.69,0.009999999999999787,1,1369.0,бРел
183,09:49:06,13.65,-0.03999999999999915,43,58713.0,бТел
184,09:49:12,13.68,0.02999999999999936,1,1368.0,жпптел
185,09:49:21,13.65,-0.02999999999999936,5,6825.0,бТел
186,09:49:27,13.68,0.02999999999999936,2,3406.3199999993667,бРел
187,09:49:30,13.66,-0.019999999999999574,9,12305.020000000484,бТел
188,09:49:42,13.68,0.019999999999999574,2,2736.0,бРел
189,09:49:54,13.68,0.0,3,4104.0,бТел
190,09:50:18,13.68,0.0,16,21888.0,бРел
191,09:50:21,13.68,0.0,5,6840.0,бТел
192,09:50:30,13.69,0.009999999999999787,2,2738.0,бРел
193,09:50:33,13.69,0.0,7,9577.0,бРел
194,09:50:39,13.69,0.0,18,24642.0,бРел
195,09:50:45,13.69,0.0,5,6845.0,бРел
196,09:50:48,13.69,0.0,28,38332.0,бРел
197,09:50:54,13.69,0.0,3,4107.0,бТел
198,09:50:57,13.7,0.009999999999999787,1,1370.0,бРел
199,09:51:00,13.71,0.010000000000001563,19,26049.0,бРел
200,09:51:03,13.71,0.0,20,27420.0,бРел
201,09:51:06,13.71,0.0,2,2742.0,бРел
202,09:51:09,13.71,0.0,1,1371.0,бРел
203,09:51:12,13.7,-0.010000000000001563,1,1370.0,бТел
204,09:51:15,13.71,0.010000000000001563,2,2742.0,бРел
205,09:51:24,13.71,0.0,5,6855.0,бТел
206,09:51:33,13.71,0.0,21,28791.0,бТел
207,09:51:39,13.73,0.019999999999999574,21,28833.0,бРел
208,09:51:45,13.73,0.0,389,534097.0,бРел
209,09:51:48,13.74,0.009999999999999787,2,2748.0,бРел
210,09:51:51,13.72,-0.019999999999999574,3,4116.0,бТел
211,09:52:03,13.74,0.019999999999999574,1,1374.0,бРел
212,09:52:06,13.74,0.0,13,17862.0,бРел
213,09:52:15,13.73,-0.009999999999999787,13,18419.929999999702,бТел
214,09:52:18,13.75,0.019999999999999574,2,2750.0,бРел
215,09:52:27,13.74,-0.009999999999999787,5,6870.0,бТел
216,09:52:30,13.75,0.009999999999999787,2,2750.0,бРел
217,09:52:33,13.75,0.0,2,2750.0,бРел
218,09:52:36,13.75,0.0,2,2750.0,бРел
219,09:52:39,13.75,0.0,1,1375.0,бТел
220,09:52:45,13.76,0.009999999999999787,4,5502.0,бРел
221,09:52:48,13.76,0.0,2,2752.0,бРел
222,09:52:51,13.76,0.0,2,2752.0,бРел
223,09:52:54,13.75,-0.009999999999999787,3,4125.0,бТел
224,09:52:57,13.76,0.009999999999999787,2,2752.0,бРел
225,09:53:00,13.76,0.0,2,2752.0,бРел
226,09:53:06,13.77,0.009999999999999787,12,16522.0,бРел
227,09:53:18,13.77,0.0,4,5508.0,бРел
228,09:53:24,13.77,0.0,7,9633.0,бРел
229,09:53:27,13.77,0.0,2,2754.0,бРел
230,09:53:30,13.77,0.0,2,2754.0,бРел
231,09:53:36,13.69,-0.08000000000000007,141,193231.0,бТел
232,09:53:42,13.69,0.0,25,34225.0,бРел
233,09:53:57,13.69,0.0,10,13690.0,жпптел
234,09:54:03,13.68,-0.009999999999999787,9,12312.0,бТел
235,09:54:27,13.68,0.0,35,47916.0,бТел
236,09:54:30,13.68,0.0,30,41040.0,бРел
237,09:54:33,13.68,0.0,27,36936.0,бРел
238,09:54:36,13.68,0.0,1,1368.0,бРел
239,09:54:42,13.68,0.0,50,68400.0,бРел
240,09:54:45,13.67,-0.009999999999999787,1,1367.0,бТел
241,09:54:51,13.68,0.009999999999999787,15,20520.0,бРел
242,09:54:54,13.68,0.0,26,35568.0,бРел
243,09:54:57,13.67,-0.009999999999999787,3,4103.0,бТел
244,09:55:00,13.67,0.0,16,21872.0,бТел
245,09:55:12,13.73,0.0600000000000005,17,23341.0,бРел
246,09:55:24,13.68,-0.05000000000000071,5,6840.0,бТел
247,09:55:48,13.7,0.019999999999999574,10,13700.0,бРел
248,09:55:57,13.7,0.0,3,4110.0,бТел
249,09:56:12,13.7,0.0,1,1370.0,бТел
250,09:56:24,13.7,0.0,49,67130.0,бТел
251,09:56:30,13.7,0.0,21,28770.0,бТел
252,09:56:39,13.71,0.010000000000001563,20,27420.0,бРел
253,09:56:45,13.71,0.0,3,4113.0,бРел
254,09:56:54,13.7,-0.010000000000001563,3,4110.0,бТел
255,09:57:12,13.7,0.0,24,32880.0,бТел
256,09:57:27,13.7,0.0,4,5480.0,бТел
257,09:57:30,13.7,0.0,5,6850.0,бТел
258,09:57:33,13.71,0.010000000000001563,3,4113.0,бРел
259,09:57:36,13.68,-0.030000000000001137,1,1368.0,бТел
260,09:57:54,13.69,0.009999999999999787,3,4107.0,бТел
261,09:58:00,13.71,0.02000000000000135,1,1371.0,бРел
262,09:58:06,13.7,-0.010000000000001563,7,9593.0,бТел
263,09:58:09,13.71,0.010000000000001563,10,13704.0,бРел
264,09:58:24,13.71,0.0,21,28793.0,бТел
265,09:58:27,13.71,0.0,3,4113.0,бРел
266,09:58:30,13.71,0.0,36,49356.0,бРел
267,09:58:36,13.71,0.0,24,32904.0,бРел
268,09:58:39,13.71,0.0,6,8226.0,бРел
269,09:58:42,13.71,0.0,16,21936.0,бРел
270,09:58:45,13.71,0.0,4,5484.0,бРел
271,09:58:54,13.72,0.009999999999999787,3,4116.0,бТел
272,09:58:57,13.73,0.009999999999999787,3,4118.0,жпптел
273,09:59:00,13.73,0.0,2,2746.0,жпптел
274,09:59:03,13.73,0.0,2,2746.0,жпптел
275,09:59:24,13.72,-0.009999999999999787,4,5490.0,бТел
276,09:59:33,13.74,0.019999999999999574,1,1374.0,бРел
277,09:59:45,13.72,-0.019999999999999574,8,10976.0,бРел
278,10:00:15,13.74,0.019999999999999574,8,10992.0,бРел
279,10:00:21,13.74,0.0,23,31602.0,бТел
280,10:00:30,13.74,0.0,11,15114.0,бРел
281,10:00:33,13.72,-0.019999999999999574,5,6860.0,бТел
282,10:00:39,13.72,0.0,3,4116.0,бТел
283,10:00:42,13.72,0.0,2,2744.0,бТел
284,10:00:45,13.7,-0.02000000000000135,3,4110.0,бРел
285,10:01:00,13.7,0.0,25,34250.0,бРел
286,10:01:12,13.71,0.010000000000001563,1,1371.0,бТел
287,10:01:18,13.71,0.0,5,6855.0,бТел
288,10:01:21,13.72,0.009999999999999787,1,1372.0,бРел
289,10:01:24,13.72,0.0,9,12348.0,бРел
290,10:02:21,13.75,0.02999999999999936,1,1375.0,бРел
291,10:02:36,13.75,0.0,10,13750.0,бРел
292,10:02:45,13.76,0.009999999999999787,2,2752.0,бРел
293,10:02:54,13.76,0.0,1,1376.0,бРел
294,10:02:57,13.76,0.0,1,1376.0,бТел
295,10:03:12,13.77,0.009999999999999787,7,9639.0,бРел
296,10:03:21,13.78,0.009999999999999787,3,4134.0,бРел
297,10:03:27,13.78,0.0,8,11024.0,бТел
298,10:03:30,13.78,0.0,3,4134.0,бТел
299,10:03:33,13.78,0.0,2,2756.0,бРел
300,10:03:36,13.77,-0.009999999999999787,2,2754.0,бТел
301,10:03:39,13.77,0.0,4,5508.0,бТел
302,10:03:48,13.77,0.0,3,4131.0,бРел
303,10:03:51,13.77,0.0,1,1377.0,бРел
304,10:04:21,13.78,0.009999999999999787,15,20670.0,бРел
305,10:04:24,13.78,0.0,2,2756.0,бРел
306,10:04:36,13.78,0.0,2,2756.0,бТел
307,10:04:51,13.8,0.02000000000000135,1,1380.0,бРел
308,10:05:21,13.78,-0.02000000000000135,6,8276.0,бТел
309,10:05:42,13.78,0.0,1,1378.0,бТел
310,10:05:48,13.78,0.0,7,9646.0,бТел
311,10:05:51,13.79,0.009999999999999787,1,1379.0,бРел
312,10:05:54,13.78,-0.009999999999999787,8,11024.0,бТел
313,10:06:03,13.77,-0.009999999999999787,1,1377.0,бТел
314,10:06:06,13.76,-0.009999999999999787,21,28916.0,бТел
315,10:06:09,13.76,0.0,2,2752.0,бТел
316,10:06:12,13.75,-0.009999999999999787,4,5500.0,бТел
317,10:06:15,13.76,0.009999999999999787,18,24768.0,бРел
318,10:06:18,13.73,-0.02999999999999936,1,1373.0,бТел
319,10:06:24,13.74,0.009999999999999787,1,1374.0,бРел
320,10:06:27,13.74,0.0,1,1374.0,бРел
321,10:06:42,13.74,0.0,1,1374.0,бРел
322,10:06:48,13.75,0.009999999999999787,1,1375.0,жпптел
323,10:07:09,13.76,0.009999999999999787,1,1376.0,бРел
324,10:07:15,13.75,-0.009999999999999787,1,1375.0,бТел
325,10:07:36,13.75,0.0,2,2750.0,бТел
326,10:07:54,13.75,0.0,1,1375.0,бТел
327,10:08:21,13.76,0.009999999999999787,2,2751.0,бРел
328,10:08:48,13.76,0.0,1,1376.0,бРел
329,10:08:54,13.76,0.0,1,1376.0,бТел
330,10:09:00,13.76,0.0,3,4128.0,бТел
331,10:09:15,13.77,0.009999999999999787,1,1377.0,жпптел
332,10:09:18,13.77,0.0,1,1377.0,бТел
333,10:09:21,13.78,0.009999999999999787,2,2755.0,бРел
334,10:09:24,13.78,0.0,1,1378.0,бРел
335,10:09:36,13.77,-0.009999999999999787,7,9639.0,бТел
336,10:10:06,13.77,0.0,2,2754.0,бТел
337,10:10:21,13.77,0.0,2,2756.0,бТел
338,10:10:27,13.77,0.0,1,1377.0,бТел
339,10:10:36,13.77,0.0,3,4131.0,бТел
340,10:10:54,13.77,0.0,2,2755.0,бТел
341,10:11:21,13.78,0.009999999999999787,1,1378.0,бТел
342,10:11:39,13.78,0.0,1,1378.0,бРел
343,10:11:48,13.76,-0.019999999999999574,13,17900.0,бТел
344,10:11:51,13.76,0.0,6,8256.0,бТел
345,10:11:54,13.76,0.0,53,72928.0,бТел
346,10:12:00,13.74,-0.019999999999999574,16,21984.0,бТел
347,10:12:03,13.74,0.0,12,16488.0,бРел
348,10:12:06,13.74,0.0,12,16488.0,бРел
349,10:12:09,13.72,-0.019999999999999574,44,61615.200000000186,бТел
350,10:12:12,13.73,0.009999999999999787,4,5492.0,бТел
351,10:12:30,13.73,0.0,1,1373.0,бТел
352,10:12:36,13.74,0.009999999999999787,6,8239.0,бРел
353,10:12:39,13.73,-0.009999999999999787,3,5286.049999999814,бТел
354,10:12:42,13.73,0.0,2,2746.0,бТел
355,10:12:45,13.73,0.0,3,4256.299999999814,бТел
356,10:12:48,13.73,0.0,5,6865.0,бТел
357,10:12:51,13.73,0.0,6,8306.650000000373,бТел
358,10:12:57,13.73,0.0,15,20595.0,бРел
359,10:13:00,13.72,-0.009999999999999787,0,205.79999999981374,бТел
360,10:13:18,13.71,-0.009999999999999787,0,109.6800000006333,бТел
361,10:13:27,13.7,-0.010000000000001563,23,32791.31999999937,бТел
362,10:13:33,13.69,-0.009999999999999787,4,5476.0,бТел
363,10:13:36,13.69,0.0,1,1369.0,бТел
364,10:13:39,13.68,-0.009999999999999787,6,8213.0,бТел
365,10:13:48,13.7,0.019999999999999574,3,4109.0,бРел
366,10:13:54,13.69,-0.009999999999999787,1,1369.0,бТел
367,10:13:57,13.7,0.009999999999999787,10,13700.0,бРел
368,10:14:00,13.69,-0.009999999999999787,39,53405.0,бТел
369,10:14:06,13.7,0.009999999999999787,1,1370.0,бРел
370,10:14:09,13.7,0.0,1,1370.0,бРел
371,10:14:15,13.7,0.0,3,4110.0,бРел
372,10:14:24,13.69,-0.009999999999999787,1,1369.0,бТел
373,10:14:42,13.7,0.009999999999999787,2,2849.600000000559,бРел
374,10:14:45,13.7,0.0,7,9590.0,бТел
375,10:14:51,13.73,0.030000000000001137,2,2746.0,бРел
376,10:15:09,13.7,-0.030000000000001137,2,2740.0,бТел
377,10:15:18,13.7,0.0,31,43730.39999999944,бТел
378,10:15:24,13.69,-0.009999999999999787,1,1369.0,бТел
379,10:15:27,13.7,0.009999999999999787,5,6850.0,бРел
380,10:15:33,13.7,0.0,10,13700.0,бРел
381,10:15:54,13.7,0.0,1,1370.0,бРел
382,10:16:00,13.69,-0.009999999999999787,1,1369.0,бТел
383,10:16:24,13.69,0.0,2,2738.0,бТел
384,10:16:30,13.69,0.0,2,2738.0,бТел
385,10:16:39,13.7,0.009999999999999787,1,1370.0,бРел
386,10:16:51,13.7,0.0,2,2849.600000000559,бРел
387,10:16:54,13.7,0.0,22,30140.0,бТел
388,10:17:12,13.7,0.0,25,34250.0,бТел
389,10:17:39,13.73,0.030000000000001137,1,1373.0,бРел
390,10:17:57,13.7,-0.030000000000001137,0,1260.3999999994412,бТел
391,10:18:03,13.69,-0.009999999999999787,1,1369.0,бТел
392,10:18:06,13.7,0.009999999999999787,4,5589.600000000559,бРел
393,10:18:24,13.71,0.010000000000001563,1,1371.0,бРел
394,10:18:30,13.7,-0.010000000000001563,1,1370.0,бТел
395,10:18:33,13.71,0.010000000000001563,5,6855.0,бРел
396,10:18:36,13.71,0.0,1,1371.0,бРел
397,10:18:39,13.7,-0.010000000000001563,1,1370.0,бТел
398,10:18:51,13.71,0.010000000000001563,7,9597.0,бРел
399,10:18:57,13.71,0.0,1,1371.0,бТел
400,10:19:06,13.72,0.009999999999999787,1,1372.0,бРел
401,10:19:21,13.72,0.0,3,4116.0,бРел
402,10:19:30,13.72,0.0,1,1372.0,бТел
403,10:19:33,13.72,0.0,3,4117.0,бТел
404,10:19:39,13.73,0.009999999999999787,1,1373.0,бРел
405,10:20:06,13.73,0.0,3,4117.0,бРел
406,10:20:27,13.72,-0.009999999999999787,1,1372.0,бТел
407,10:20:57,13.72,0.0,1,1372.0,бТел
408,10:21:18,13.72,0.0,2,2744.0,бТел
409,10:21:27,13.72,0.0,1,1372.0,бТел
410,10:22:00,13.72,0.0,1,1372.0,бТел
411,10:22:21,13.73,0.009999999999999787,1,1373.0,бРел
412,10:22:30,13.72,-0.009999999999999787,2,2744.0,бТел
413,10:22:36,13.73,0.009999999999999787,1,1373.0,бРел
414,10:23:00,13.72,-0.009999999999999787,44,60368.0,бТел
415,10:23:21,13.71,-0.009999999999999787,2,2742.0,бТел
416,10:23:30,13.71,0.0,1,1371.0,бТел
417,10:23:42,13.72,0.009999999999999787,1,1372.0,бРел
418,10:23:48,13.72,0.0,22,30184.0,бРел
419,10:24:00,13.71,-0.009999999999999787,1,1371.0,бТел
420,10:24:21,13.73,0.019999999999999574,1,1373.0,бРел
421,10:24:33,13.71,-0.019999999999999574,1,1371.0,бТел
422,10:25:06,13.71,0.0,2,2742.0,бТел
423,10:25:15,13.71,0.0,6,8226.0,бТел
424,10:25:18,13.7,-0.010000000000001563,5,6850.0,бТел
425,10:25:24,13.71,0.010000000000001563,5,6854.0,бРел
426,10:25:27,13.69,-0.02000000000000135,10,13690.0,бТел
427,10:25:33,13.68,-0.009999999999999787,9,12312.0,бТел
428,10:25:36,13.68,0.0,5,6840.0,бТел
429,10:25:42,13.68,0.0,3,4104.0,бТел
430,10:26:00,13.68,0.0,3,4104.0,бТел
431,10:26:06,13.68,0.0,5,6841.0,бТел
432,10:26:30,13.68,0.0,1,1368.0,бТел
433,10:26:33,13.69,0.009999999999999787,10,13690.0,бРел
434,10:26:42,13.68,-0.009999999999999787,5,6840.0,бТел
435,10:26:48,13.69,0.009999999999999787,5,6845.0,бРел
436,10:26:51,13.7,0.009999999999999787,1,1370.0,бРел
437,10:26:54,13.69,-0.009999999999999787,2,2738.0,бТел
438,10:27:03,13.69,0.0,1,1369.0,бТел
439,10:27:21,13.71,0.02000000000000135,1,1371.0,бРел
440,10:27:36,13.71,0.0,1,1371.0,бРел
441,10:27:51,13.71,0.0,1,1371.0,бРел
442,10:28:06,13.69,-0.02000000000000135,1,1369.0,бТел
443,10:28:27,13.69,0.0,2,2738.0,бТел
444,10:28:33,13.69,0.0,1,1369.0,бТел
445,10:29:06,13.69,0.0,1,1369.0,бТел
446,10:29:09,13.69,0.0,2,2738.0,бТел
447,10:29:21,13.7,0.009999999999999787,1,1370.0,бРел
448,10:29:33,13.69,-0.009999999999999787,1,1369.0,бТел
449,10:30:12,13.69,0.0,1,1369.0,бТел
450,10:30:18,13.69,0.0,4,5476.0,бТел
451,10:30:27,13.69,0.0,4,5476.0,бТел
452,10:30:33,13.69,0.0,1,1369.0,бТел
453,10:31:03,13.69,0.0,1,1369.0,бТел
454,10:31:12,13.69,0.0,1,1369.0,бТел
455,10:31:27,13.69,0.0,2,2738.0,бТел
456,10:32:12,13.69,0.0,1,1369.0,бТел
457,10:32:54,13.69,0.0,1,1369.0,бТел
458,10:33:09,13.69,0.0,3,4107.0,бТел
459,10:33:12,13.7,0.009999999999999787,1,1370.0,бРел
460,10:33:39,13.69,-0.009999999999999787,3,4107.0,бТел
461,10:33:48,13.7,0.009999999999999787,4,5480.0,бРел
462,10:33:51,13.69,-0.009999999999999787,30,41070.0,бТел
463,10:34:03,13.68,-0.009999999999999787,1,1368.0,бТел
464,10:34:06,13.68,0.0,3,4104.0,бТел
465,10:34:09,13.68,0.0,1,1368.0,бТел
466,10:34:42,13.7,0.019999999999999574,1,1370.0,бРел
467,10:34:48,13.68,-0.019999999999999574,3,4104.0,бТел
468,10:35:00,13.68,0.0,2,2736.0,бТел
469,10:35:03,13.68,0.0,1,1368.0,бТел
470,10:35:33,13.69,0.009999999999999787,9,12321.0,бТел
471,10:35:45,13.69,0.0,1,1369.0,бТел
472,10:35:48,13.69,0.0,2,2738.0,бТел
473,10:36:00,13.69,0.0,2,2738.0,бТел
474,10:36:15,13.69,0.0,1,1369.0,бТел
475,10:36:18,13.69,0.0,1,1369.0,бТел
476,10:36:48,13.69,0.0,1,1369.0,бТел
477,10:36:51,13.7,0.009999999999999787,1,1370.0,бРел
478,10:36:54,13.69,-0.009999999999999787,1,1369.0,бТел
479,10:37:00,13.69,0.0,1,1369.0,бТел
480,10:37:18,13.69,0.0,1,1369.0,бТел
481,10:37:21,13.69,0.0,1,1369.0,бТел
482,10:37:39,13.69,0.0,2,2738.0,бТел
483,10:37:51,13.69,0.0,2,2738.0,бТел
484,10:37:57,13.69,0.0,1,1369.0,бТел
485,10:38:18,13.69,0.0,1,1369.0,бТел
486,10:38:21,13.69,0.0,1,1369.0,бТел
487,10:38:36,13.7,0.009999999999999787,2,2739.0,бРел
488,10:38:51,13.69,-0.009999999999999787,1,1369.0,бТел
489,10:39:21,13.68,-0.009999999999999787,25,34200.0,бТел
490,10:39:36,13.68,0.0,1,1368.0,бТел
491,10:39:45,13.68,0.0,31,42408.0,бТел
492,10:39:51,13.68,0.0,1,1368.0,бТел
493,10:40:45,13.68,0.0,2,2736.0,бТел
494,10:40:57,13.68,0.0,1,1368.0,бТел
495,10:41:24,13.68,0.0,1,1368.0,бТел
496,10:41:30,13.68,0.0,1,1368.0,бТел
497,10:41:39,13.68,0.0,3,4106.0,бТел
498,10:41:45,13.68,0.0,3,4104.0,бТел
499,10:41:51,13.69,0.009999999999999787,9,12321.0,бРел
500,10:41:54,13.69,0.0,2,2738.0,бРел
501,10:42:18,13.7,0.009999999999999787,6,8220.0,бРел
502,10:42:24,13.69,-0.009999999999999787,3,4109.0,бТел
503,10:42:33,13.7,0.009999999999999787,1,1370.0,бРел
504,10:42:48,13.7,0.0,2,2740.0,бРел
505,10:43:15,13.7,0.0,5,6850.0,бРел
506,10:43:21,13.69,-0.009999999999999787,1,1369.0,бТел
507,10:43:30,13.69,0.0,1,1369.0,бТел
508,10:43:33,13.7,0.009999999999999787,12,16439.99999999907,бРел
509,10:43:36,13.7,0.0,1,1370.0,бТел
510,10:43:39,13.7,0.0,7,9590.0,бТел
511,10:44:00,13.7,0.0,2,2740.0,бРел
512,10:44:18,13.7,0.0,1,1370.0,бТел
513,10:44:30,13.7,0.0,1,1370.0,бТел
514,10:44:45,13.7,0.0,4,5754.0,бТел
515,10:44:51,13.7,0.0,7,9864.0,бТел
516,10:44:57,13.7,0.0,0,822.0,бТел
517,10:45:03,13.69,-0.009999999999999787,7,9583.0,бТел
518,10:45:06,13.69,0.0,5,7693.780000001192,бТел
519,10:45:42,13.69,0.0,3,4107.0,бТел
520,10:46:00,13.69,0.0,1,1369.0,бТел
521,10:46:12,13.69,0.0,2,2738.0,бТел
522,10:46:15,13.69,0.0,1,1889.219999998808,бТел
523,10:46:21,13.69,0.0,1,1369.0,бРел
524,10:46:27,13.68,-0.009999999999999787,4,5472.0,бТел
525,10:46:33,13.68,0.0,4,5472.0,бТел
526,10:46:36,13.68,0.0,3,4104.0,бТел
527,10:46:39,13.68,0.0,3,4104.0,бТел
528,10:46:42,13.68,0.0,11,15048.0,бТел
529,10:47:00,13.67,-0.009999999999999787,1,1367.0,бТел
530,10:47:24,13.68,0.009999999999999787,1,1368.0,бРел
531,10:47:30,13.68,0.0,5,6840.0,бРел
532,10:47:33,13.68,0.0,2,2736.0,жпптел
533,10:47:39,13.68,0.0,1,1368.0,бТел
534,10:48:30,13.68,0.0,2,2736.0,бТел
535,10:48:33,13.68,0.0,1,1368.0,бТел
536,10:49:15,13.68,0.0,2,2736.0,бТел
537,10:49:27,13.68,0.0,1,1368.0,бТел
538,10:49:33,13.68,0.0,1,1368.0,бТел
539,10:49:42,13.68,0.0,1,1368.0,бТел
540,10:49:54,13.68,0.0,1,1368.0,бТел
541,10:50:03,13.68,0.0,1,1368.0,бТел
542,10:50:09,13.68,0.0,3,4104.0,бРел
543,10:50:15,13.68,0.0,1,1368.0,жпптел
544,10:50:21,13.68,0.0,1,1368.0,бТел
545,10:50:33,13.68,0.0,1,1368.0,бРел
546,10:50:45,13.67,-0.009999999999999787,1,1367.0,бТел
547,10:51:06,13.68,0.009999999999999787,1,1368.0,бРел
548,10:51:12,13.68,0.0,3,4104.0,бРел
549,10:51:15,13.67,-0.009999999999999787,20,27340.0,бТел
550,10:51:21,13.68,0.009999999999999787,1,1368.0,бРел
551,10:51:27,13.67,-0.009999999999999787,2,2734.0,бТел
552,10:51:33,13.68,0.009999999999999787,4,5472.0,бРел
553,10:51:48,13.68,0.0,1,1368.0,бТел
554,10:51:57,13.68,0.0,90,123067.0,бТел
555,10:52:06,13.67,-0.009999999999999787,3,4101.0,бТел
556,10:52:45,13.68,0.009999999999999787,1,1368.0,бРел
557,10:52:48,13.67,-0.009999999999999787,2,2734.0,бТел
558,10:52:51,13.65,-0.019999999999999574,53,72372.0,бТел
559,10:52:54,13.67,0.019999999999999574,1,1367.0,бТел
560,10:53:09,13.68,0.009999999999999787,1,1368.0,бРел
561,10:53:12,13.66,-0.019999999999999574,1,1366.0,бТел
562,10:53:18,13.68,0.019999999999999574,2,2736.0,бРел
563,10:53:51,13.68,0.0,12,16416.0,бРел
564,10:53:54,13.68,0.0,1,1368.0,бТел
565,10:54:15,13.68,0.0,1,1368.0,бТел
566,10:54:27,13.68,0.0,2,2736.0,бРел
567,10:55:12,13.68,0.0,9,12312.0,бТел
568,10:55:33,13.7,0.019999999999999574,1,1370.0,бРел
569,10:55:36,13.7,0.0,1,1370.0,бРел
570,10:55:42,13.7,0.0,1,1370.0,бРел
571,10:55:45,13.7,0.0,1,1370.0,бРел
572,10:55:51,13.71,0.010000000000001563,1,1371.0,бРел
573,10:55:54,13.71,0.0,2,2741.0,бРел
574,10:56:21,13.68,-0.030000000000001137,1,1368.0,бТел
575,10:57:12,13.69,0.009999999999999787,1,1369.0,бТел
576,10:57:36,13.71,0.02000000000000135,1,1371.0,бРел
577,10:57:48,13.69,-0.02000000000000135,1,1369.0,бТел
578,10:58:00,13.71,0.02000000000000135,10,13710.0,бРел
579,10:58:06,13.71,0.0,1,1371.0,бРел
580,10:58:57,13.69,-0.02000000000000135,1,1369.0,бТел
581,10:59:03,13.69,0.0,1,1369.0,бТел
582,10:59:30,13.71,0.02000000000000135,9,12339.0,бРел
583,10:59:33,13.69,-0.02000000000000135,11,16347.860000001267,бТел
584,10:59:48,13.69,0.0,1,1369.0,бТел
585,10:59:54,13.69,0.0,1,1369.0,бТел
586,11:00:00,13.69,0.0,1,1369.0,бТел
587,11:00:06,13.71,0.02000000000000135,3,4109.0,бРел
588,11:01:42,13.69,-0.02000000000000135,1,1369.0,бТел
589,11:01:51,13.69,0.0,1,1369.0,бТел
590,11:02:15,13.69,0.0,2,2738.0,бТел
591,11:02:21,13.69,0.0,6,8214.0,бТел
592,11:02:24,13.69,0.0,1,1369.0,бТел
593,11:02:33,13.69,0.0,1,1369.0,бТел
594,11:02:39,13.69,0.0,1,1369.0,бТел
595,11:02:51,13.7,0.009999999999999787,2,2740.0,бРел
596,11:03:15,13.7,0.0,2,2740.0,бРел
597,11:03:21,13.69,-0.009999999999999787,1,1369.0,бТел
598,11:03:36,13.69,0.0,3,4107.0,бТел
599,11:03:48,13.71,0.02000000000000135,9,12331.0,бРел
600,11:03:51,13.68,-0.030000000000001137,38,52081.13999999873,бТел
601,11:03:54,13.68,0.0,1,1368.0,бРел
602,11:03:57,13.67,-0.009999999999999787,5,6835.0,бТел
603,11:04:12,13.67,0.0,2,2735.0,бТел
604,11:04:36,13.67,0.0,5,6835.0,бТел
605,11:04:39,13.67,0.0,1,1367.0,бТел
606,11:04:57,13.68,0.009999999999999787,5,6840.0,бРел
607,11:05:06,13.68,0.0,30,41040.0,бРел
608,11:05:15,13.68,0.0,18,24624.0,бРел
609,11:05:21,13.68,0.0,33,45143.0,бРел
610,11:05:24,13.68,0.0,3,4104.0,бРел
611,11:05:27,13.68,0.0,4,6757.9199999999255,бРел
612,11:05:30,13.68,0.0,2,2736.0,бТел
613,11:05:36,13.69,0.009999999999999787,4,5476.0,бТел
614,11:06:06,13.71,0.02000000000000135,1,1371.0,бРел
615,11:06:09,13.69,-0.02000000000000135,5,6845.0,бТел
616,11:06:42,13.71,0.02000000000000135,2,2742.0,бРел
617,11:06:54,13.69,-0.02000000000000135,1,1369.0,бТел
618,11:07:15,13.71,0.02000000000000135,2,2742.0,бРел
619,11:07:48,13.69,-0.02000000000000135,1,1369.0,бРел
620,11:07:51,13.69,0.0,1,1369.0,бРел
621,11:08:18,13.7,0.009999999999999787,20,27438.0,жпптел
622,11:08:33,13.72,0.02000000000000135,1,1372.0,бРел
623,11:08:51,13.72,0.0,1,1372.0,бРел
624,11:08:54,13.69,-0.030000000000001137,1,1369.0,бТел
625,11:09:12,13.72,0.030000000000001137,1,1372.0,бРел
626,11:09:27,13.72,0.0,1,1372.0,бРел
627,11:09:30,13.72,0.0,4,5488.0,бРел
628,11:09:39,13.72,0.0,1,1372.0,бРел
629,11:09:45,13.72,0.0,1,1372.0,бРел
630,11:09:57,13.73,0.009999999999999787,1,1373.0,бРел
631,11:10:27,13.72,-0.009999999999999787,2,2742.0,жпптел
632,11:10:33,13.72,0.0,1,1372.0,бРел
633,11:10:36,13.7,-0.02000000000000135,11,15070.0,бТел
634,11:10:39,13.7,0.0,7,9590.0,бТел
635,11:10:45,13.69,-0.009999999999999787,2,2738.0,бТел
636,11:10:48,13.69,0.0,2,2738.0,бТел
637,11:10:51,13.7,0.009999999999999787,34,46577.0,бРел
638,11:10:54,13.69,-0.009999999999999787,1,1369.0,бТел
639,11:11:03,13.69,0.0,4,5477.0,бТел
640,11:11:12,13.69,0.0,1,1369.0,бТел
641,11:11:15,13.69,0.0,1,1369.0,бТел
642,11:12:12,13.69,0.0,29,39701.0,бТел
643,11:12:15,13.69,0.0,3,4107.0,бРел
644,11:12:24,13.68,-0.009999999999999787,1,1368.0,бТел
645,11:12:27,13.7,0.019999999999999574,1,1370.0,бРел
646,11:12:39,13.7,0.0,1,1370.0,бРел
647,11:12:42,13.68,-0.019999999999999574,13,17792.0,бТел
648,11:12:54,13.68,0.0,1,1368.0,бРел
649,11:13:00,13.67,-0.009999999999999787,1,1367.0,бТел
650,11:13:09,13.67,0.0,2,2734.0,бТел
651,11:13:15,13.67,0.0,1,1367.0,бТел
652,11:13:18,13.68,0.009999999999999787,1,1368.0,бРел
653,11:13:45,13.68,0.0,1,1368.0,бРел
654,11:13:51,13.68,0.0,1,1368.0,бРел
655,11:14:00,13.68,0.0,5,6840.0,бРел
656,11:14:03,13.68,0.0,33,45144.0,бРел
657,11:14:06,13.68,0.0,45,61559.0,бРел
658,11:14:09,13.68,0.0,14,19152.0,бРел
659,11:14:21,13.71,0.030000000000001137,2,2742.0,бРел
660,11:14:33,13.72,0.009999999999999787,4,5485.0,бРел
661,11:14:36,13.71,-0.009999999999999787,1,1371.0,бТел
662,11:14:39,13.71,0.0,1,1371.0,бРел
663,11:14:48,13.71,0.0,1,1371.0,бРел
664,11:14:51,13.71,0.0,1,1371.0,бТел
665,11:14:57,13.72,0.009999999999999787,1,1372.0,бРел
666,11:15:21,13.72,0.0,1,1372.0,бРел
667,11:15:45,13.72,0.0,1,1372.0,бРел
668,11:16:06,13.71,-0.009999999999999787,1,1371.0,бТел
669,11:16:12,13.72,0.009999999999999787,6,8232.0,бРел
670,11:16:15,13.72,0.0,6,8232.0,бРел
671,11:16:24,13.72,0.0,1,1372.0,бРел
672,11:16:30,13.72,0.0,1,1372.0,бРел
673,11:16:33,13.73,0.009999999999999787,4,5492.0,бРел
674,11:16:39,13.73,0.0,1,1373.0,бРел
675,11:16:45,13.73,0.0,2,2746.0,бРел
676,11:16:54,13.73,0.0,1,1373.0,бРел
677,11:17:00,13.73,0.0,1,1373.0,бРел
678,11:17:06,13.73,0.0,5,6865.0,бРел
679,11:17:15,13.74,0.009999999999999787,1,1374.0,бРел
680,11:17:45,13.73,-0.009999999999999787,2,2746.0,бТел
681,11:17:48,13.74,0.009999999999999787,1,1374.0,бРел
682,11:17:51,13.74,0.0,1,1374.0,бРел
683,11:18:00,13.77,0.02999999999999936,6,8255.0,бРел
684,11:18:09,13.74,-0.02999999999999936,3,4122.0,бРел
685,11:18:12,13.74,0.0,5,6870.0,бРел
686,11:18:24,13.74,0.0,1,1374.0,бРел
687,11:18:39,13.73,-0.009999999999999787,1,1373.0,бТел
688,11:18:45,13.74,0.009999999999999787,1,1374.0,бРел
689,11:18:54,13.74,0.0,5,6870.0,бРел
690,11:19:09,13.74,0.0,1,1374.0,бРел
691,11:19:12,13.72,-0.019999999999999574,1,1372.0,бТел
692,11:19:21,13.74,0.019999999999999574,1,1374.0,бРел
693,11:19:27,13.72,-0.019999999999999574,4,5488.0,бТел
694,11:19:36,13.72,0.0,1,1372.0,бТел
695,11:20:12,13.71,-0.009999999999999787,92,126193.0,бТел
696,11:20:15,13.73,0.019999999999999574,3,4119.0,бРел
697,11:20:33,13.71,-0.019999999999999574,1,1371.0,бТел
698,11:20:48,13.72,0.009999999999999787,3,4118.0,бТел
699,11:20:51,13.72,0.0,2,2744.0,бТел
700,11:21:30,13.72,0.0,1,1372.0,бТел
701,11:21:48,13.73,0.009999999999999787,3,4119.0,бРел
702,11:21:51,13.73,0.0,1,1373.0,бТел
703,11:22:27,13.73,0.0,2,2746.0,бТел
704,11:22:45,13.73,0.0,1,1373.0,бТел
705,11:22:54,13.73,0.0,8,10984.0,бТел
706,11:23:24,13.73,0.0,1,1373.0,бТел
707,11:23:42,13.73,0.0,10,13730.0,бТел
708,11:23:57,13.73,0.0,3,4119.0,бТел
709,11:24:21,13.73,0.0,3,4119.0,бТел
710,11:25:12,13.74,0.009999999999999787,1,1374.0,бРел
711,11:25:21,13.72,-0.019999999999999574,1,1372.0,бТел
712,11:25:27,13.73,0.009999999999999787,1,1373.0,бРел
713,11:25:36,13.73,0.0,1,1373.0,бТел
714,11:26:21,13.73,0.0,41,56333.0,бТел
715,11:26:24,13.74,0.009999999999999787,2,2748.0,бРел
716,11:26:27,13.74,0.0,12,16488.0,бРел
717,11:26:33,13.74,0.0,76,104424.0,бРел
718,11:26:36,13.74,0.0,38,52212.0,бРел
719,11:26:45,13.74,0.0,215,295410.0,бРел
720,11:26:48,13.74,0.0,17,23358.0,бРел
721,11:27:06,13.73,-0.009999999999999787,9,12364.0,бТел
722,11:27:09,13.73,0.0,1,1373.0,бТел
723,11:27:18,13.74,0.009999999999999787,1,1374.0,бРел
724,11:27:36,13.73,-0.009999999999999787,1,1373.0,бТел
725,11:27:42,13.74,0.009999999999999787,8,10992.0,бРел
726,11:27:51,13.74,0.0,12,16488.0,бРел
727,11:27:57,13.74,0.0,12,16488.0,бРел
728,11:28:06,13.77,0.02999999999999936,3,4131.0,бРел
729,11:28:12,13.74,-0.02999999999999936,1,1374.0,бТел
730,11:28:15,13.77,0.02999999999999936,1,1377.0,бРел
731,11:28:24,13.77,0.0,1,1377.0,бРел
732,11:28:36,13.77,0.0,2,2753.0,бРел
733,11:29:12,13.76,-0.009999999999999787,1,1376.0,бРел
734,11:29:39,13.74,-0.019999999999999574,1,1374.0,бТел
735,11:30:00,13.76,0.019999999999999574,3,4128.0,бРел
736,13:00:09,13.76,0.0,4,5504.0,бТел
737,13:00:12,13.77,0.009999999999999787,1,1377.0,бРел
738,13:00:21,13.77,0.0,1,1377.0,бРел
739,13:00:27,13.77,0.0,1,1377.0,бРел
740,13:00:30,13.77,0.0,1,1377.0,бРел
741,13:00:33,13.77,0.0,1,1377.0,жпптел
742,13:00:36,13.77,0.0,3,4131.0,бРел
743,13:00:39,13.78,0.009999999999999787,1,1378.0,бРел
744,13:00:45,13.77,-0.009999999999999787,2,2754.0,жпптел
745,13:00:48,13.76,-0.009999999999999787,2,2752.0,бТел
746,13:00:51,13.76,0.0,8,11008.0,бТел
747,13:00:54,13.76,0.0,23,31657.0,бТел
748,13:00:57,13.77,0.009999999999999787,10,13761.0,бРел
749,13:01:00,13.76,-0.009999999999999787,1,1376.0,бТел
750,13:01:03,13.77,0.009999999999999787,6,8258.0,бРел
751,13:01:06,13.77,0.0,4,5505.0,бРел
752,13:01:09,13.76,-0.009999999999999787,1,1376.0,жпптел
753,13:01:30,13.77,0.009999999999999787,12,16520.0,бРел
754,13:01:36,13.77,0.0,23,31671.0,бРел
755,13:01:54,13.77,0.0,11,15147.0,бРел
756,13:01:57,13.77,0.0,2,2754.0,бРел
757,13:02:00,13.77,0.0,2,2754.0,бРел
758,13:02:06,13.77,0.0,5,6885.0,бРел
759,13:02:09,13.77,0.0,5,6884.0,бРел
760,13:02:12,13.77,0.0,2,2754.0,бРел
761,13:02:15,13.77,0.0,2,2754.0,бРел
762,13:02:18,13.77,0.0,2,2754.0,бРел
763,13:02:21,13.77,0.0,2,2754.0,бРел
764,13:02:24,13.77,0.0,3,4131.0,бРел
765,13:02:27,13.77,0.0,2,2754.0,бРел
766,13:02:30,13.77,0.0,2,2754.0,бРел
767,13:02:33,13.77,0.0,2,2754.0,бРел
768,13:02:39,13.77,0.0,2,2754.0,бРел
769,13:02:42,13.75,-0.019999999999999574,1,1375.0,бТел
770,13:02:45,13.77,0.019999999999999574,2,2754.0,бРел
771,13:02:51,13.77,0.0,5,6885.0,бРел
772,13:03:03,13.77,0.0,2,2754.0,бРел
773,13:03:06,13.77,0.0,2,2754.0,бРел
774,13:03:09,13.77,0.0,1,1377.0,бРел
775,13:03:12,13.77,0.0,2,2754.0,бРел
776,13:03:15,13.77,0.0,4,5508.0,бРел
777,13:03:18,13.77,0.0,2,2754.0,бРел
778,13:03:21,13.77,0.0,3,4131.0,бРел
779,13:03:24,13.77,0.0,2,2754.0,бРел
780,13:03:27,13.77,0.0,2,2754.0,бРел
781,13:03:33,13.77,0.0,2,2754.0,бРел
782,13:03:36,13.77,0.0,2,2754.0,бРел
783,13:03:39,13.77,0.0,2,2754.0,бРел
784,13:03:42,13.77,0.0,5,6884.0,бРел
785,13:03:45,13.77,0.0,2,2754.0,бРел
786,13:03:48,13.77,0.0,2,2754.0,бРел
787,13:03:51,13.77,0.0,2,2754.0,бРел
788,13:03:54,13.77,0.0,12,16524.0,бРел
789,13:03:57,13.77,0.0,13,17901.0,бРел
790,13:04:00,13.77,0.0,2,2754.0,бРел
791,13:04:03,13.77,0.0,2,2754.0,бРел
792,13:04:06,13.77,0.0,2,2754.0,бРел
793,13:04:12,13.76,-0.009999999999999787,1,1376.0,бТел
794,13:04:15,13.77,0.009999999999999787,3,4130.0,бРел
795,13:04:21,13.77,0.0,2,2754.0,бРел
796,13:04:24,13.77,0.0,2,2754.0,бРел
797,13:04:36,13.77,0.0,4,5508.0,бРел
798,13:04:39,13.75,-0.019999999999999574,22,30292.0,бТел
799,13:04:48,13.77,0.019999999999999574,2,2754.0,бРел
800,13:04:51,13.77,0.0,2,2754.0,бРел
801,13:04:54,13.77,0.0,2,2754.0,бРел
802,13:05:06,13.77,0.0,1,1377.0,бРел
803,13:05:12,13.78,0.009999999999999787,5,6887.0,бРел
804,13:05:18,13.76,-0.019999999999999574,2,2752.0,бРел
805,13:05:24,13.76,0.0,2,2752.0,бРел
806,13:05:27,13.76,0.0,2,2752.0,бРел
807,13:05:33,13.77,0.009999999999999787,5,6882.0,бРел
808,13:05:36,13.77,0.0,1,1377.0,бРел
809,13:05:39,13.77,0.0,2,2754.0,бРел
810,13:05:42,13.77,0.0,1,1377.0,бРел
811,13:05:48,13.77,0.0,1,1377.0,бТел
812,13:05:51,13.78,0.009999999999999787,4,5512.0,бРел
813,13:06:03,13.78,0.0,2,2756.0,бРел
814,13:06:06,13.78,0.0,2,2756.0,бРел
815,13:06:09,13.78,0.0,3,4134.0,бРел
816,13:06:24,13.77,-0.009999999999999787,1,1377.0,бРел
817,13:06:30,13.78,0.009999999999999787,4,5511.0,бРел
818,13:06:33,13.78,0.0,2,2756.0,бРел
819,13:06:36,13.78,0.0,1,1378.0,бРел
820,13:06:48,13.78,0.0,1,1378.0,бРел
821,13:06:57,13.78,0.0,4,5512.0,бРел
822,13:07:00,13.78,0.0,2,2756.0,бРел
823,13:07:15,13.77,-0.009999999999999787,1,1377.0,бТел
824,13:07:18,13.78,0.009999999999999787,2,2756.0,бРел
825,13:07:24,13.78,0.0,4,5512.0,бРел
826,13:07:42,13.77,-0.009999999999999787,1,1377.0,бТел
827,13:07:45,13.78,0.009999999999999787,4,5512.0,бРел
828,13:07:51,13.78,0.0,2,2756.0,бРел
829,13:08:00,13.78,0.0,3,4134.0,бРел
830,13:08:12,13.79,0.009999999999999787,2,2758.0,бРел
831,13:08:15,13.75,-0.03999999999999915,5,6889.0,бТел
832,13:08:18,13.76,0.009999999999999787,2,2752.0,бРел
833,13:08:21,13.79,0.02999999999999936,2,2755.0,бРел
834,13:08:36,13.79,0.0,1,1379.0,бРел
835,13:08:42,13.79,0.0,3,4136.0,бРел
836,13:08:45,13.78,-0.009999999999999787,2,2756.0,жпптел
837,13:09:15,13.78,0.0,4,5510.0,бРел
838,13:09:18,13.78,0.0,4,5512.0,бРел
839,13:09:21,13.78,0.0,3,4134.0,бРел
840,13:09:27,13.79,0.009999999999999787,2,2758.0,бРел
841,13:09:30,13.79,0.0,2,2758.0,бРел
842,13:09:33,13.79,0.0,8,11032.0,бРел
843,13:09:39,13.8,0.010000000000001563,8,11033.0,бРел
844,13:09:42,13.8,0.0,2,2759.0,бРел
845,13:09:45,13.8,0.0,14,19318.0,бРел
846,13:09:54,13.8,0.0,3,4139.0,бРел
847,13:09:57,13.8,0.0,2,2760.0,бРел
848,13:10:09,13.8,0.0,3,4139.0,бРел
849,13:10:12,13.79,-0.010000000000001563,6,8273.0,жпптел
850,13:10:18,13.79,0.0,14,19294.0,жпптел
851,13:10:21,13.8,0.010000000000001563,16,22080.0,бРел
852,13:10:27,13.8,0.0,5,6900.0,бТел
853,13:10:30,13.8,0.0,2,2760.0,бРел
854,13:10:36,13.8,0.0,12,16560.0,бРел
855,13:10:42,13.81,0.009999999999999787,17,23462.0,бРел
856,13:10:45,13.81,0.0,2,2762.0,бРел
857,13:10:48,13.81,0.0,2,2762.0,бРел
858,13:10:51,13.81,0.0,2,2762.0,бРел
859,13:10:54,13.81,0.0,3,4142.0,бРел
860,13:11:06,13.81,0.0,6,8286.0,бРел
861,13:11:09,13.81,0.0,4,5524.0,бРел
862,13:11:12,13.81,0.0,3,4142.0,бРел
863,13:11:15,13.81,0.0,3,4142.0,бРел
864,13:11:18,13.81,0.0,2,2762.0,бРел
865,13:11:21,13.81,0.0,1,1381.0,бРел
866,13:11:27,13.81,0.0,2,2762.0,бРел
867,13:11:36,13.81,0.0,9,12429.0,бРел
868,13:12:09,13.81,0.0,5,6905.0,бРел
869,13:12:12,13.8,-0.009999999999999787,1,1380.0,бТел
870,13:12:15,13.8,0.0,2,2760.0,бТел
871,13:12:24,13.8,0.0,1,1380.0,бТел
872,13:12:27,13.81,0.009999999999999787,2,2762.0,бРел
873,13:12:36,13.81,0.0,1,1381.0,бРел
874,13:12:45,13.8,-0.009999999999999787,1,1380.0,бТел
875,13:12:51,13.81,0.009999999999999787,3,4143.0,бРел
876,13:12:54,13.82,0.009999999999999787,1,1382.0,бРел
877,13:13:00,13.82,0.0,3,4146.0,бРел
878,13:13:06,13.82,0.0,1,1382.0,бРел
879,13:13:36,13.78,-0.040000000000000924,115,158652.0,бТел
880,13:13:48,13.75,-0.02999999999999936,3,4125.0,бТел
881,13:14:03,13.78,0.02999999999999936,1,1378.0,бРел
882,13:14:12,13.77,-0.009999999999999787,4,5508.0,бТел
883,13:14:21,13.78,0.009999999999999787,1,1378.0,бРел
884,13:14:45,13.77,-0.009999999999999787,1,1377.0,бТел
885,13:14:48,13.78,0.009999999999999787,15,20669.0,бРел
886,13:14:51,13.78,0.0,1,1378.0,бРел
887,13:15:00,13.78,0.0,5,6890.0,бРел
888,13:15:06,13.78,0.0,16,22048.0,бРел
889,13:15:15,13.77,-0.009999999999999787,1,1377.0,бТел
890,13:15:18,13.78,0.009999999999999787,2,2756.0,бРел
891,13:15:48,13.77,-0.009999999999999787,1,1377.0,бТел
892,13:16:09,13.77,0.0,2,2755.0,бТел
893,13:16:12,13.77,0.0,1,1377.0,бТел
894,13:17:18,13.76,-0.009999999999999787,1,1376.0,бТел
895,13:17:21,13.77,0.009999999999999787,1,1377.0,бРел
896,13:17:48,13.76,-0.009999999999999787,2,2752.0,бТел
897,13:18:48,13.76,0.0,1,1376.0,бТел
898,13:18:51,13.77,0.009999999999999787,1,1377.0,бРел
899,13:19:00,13.76,-0.009999999999999787,26,35776.0,бТел
900,13:19:15,13.76,0.0,1,1376.0,бРел
901,13:19:39,13.75,-0.009999999999999787,10,13750.0,бТел
902,13:19:48,13.75,0.0,1,1375.0,бТел
903,13:20:06,13.75,0.0,5,6875.0,бТел
904,13:20:18,13.75,0.0,1,1375.0,бТел
905,13:20:24,13.76,0.009999999999999787,1,1376.0,бРел
906,13:20:27,13.75,-0.009999999999999787,1,1375.0,бТел
907,13:20:42,13.75,0.0,1,1375.0,бТел
908,13:20:45,13.75,0.0,5,6875.0,бТел
909,13:21:06,13.75,0.0,1,1375.0,бТел
910,13:21:21,13.75,0.0,1,1375.0,жпптел
911,13:21:45,13.76,0.009999999999999787,25,34400.0,бРел
912,13:21:51,13.76,0.0,21,28896.0,бРел
913,13:21:57,13.76,0.0,5,6880.0,бРел
914,13:22:00,13.76,0.0,3,4128.0,бРел
915,13:22:03,13.76,0.0,1,1376.0,бРел
916,13:22:15,13.77,0.009999999999999787,4,5508.0,бРел
917,13:22:21,13.76,-0.009999999999999787,1,1376.0,бТел
918,13:22:24,13.77,0.009999999999999787,1,1377.0,бРел
919,13:22:48,13.76,-0.009999999999999787,1,1376.0,бТел
920,13:23:09,13.78,0.019999999999999574,1,1378.0,бРел
921,13:23:30,13.78,0.0,25,34450.0,бРел
922,13:23:51,13.78,0.0,5,6890.0,бРел
923,13:24:09,13.78,0.0,5,6890.0,бРел
924,13:24:15,13.78,0.0,18,24804.0,бТел
925,13:24:51,13.81,0.030000000000001137,1,1381.0,бРел
926,13:24:54,13.81,0.0,3,4143.0,бРел
927,13:25:00,13.78,-0.030000000000001137,15,20670.0,бТел
928,13:25:09,13.77,-0.009999999999999787,8,11016.0,бТел
929,13:25:21,13.77,0.0,8,11016.0,бРел
930,13:25:27,13.77,0.0,7,9639.0,бРел
931,13:25:54,13.78,0.009999999999999787,1,1378.0,бРел
932,13:26:06,13.81,0.030000000000001137,1,1381.0,бРел
933,13:26:30,13.79,-0.02000000000000135,11,15169.0,бТел
934,13:26:36,13.79,0.0,5,6895.0,бТел
935,13:26:54,13.79,0.0,1,1379.0,бРел
936,13:26:57,13.79,0.0,1,1379.0,бРел
937,13:27:03,13.79,0.0,2,2758.0,бТел
938,13:27:09,13.79,0.0,2,2758.0,бТел
939,13:27:15,13.81,0.02000000000000135,15,20687.0,бРел
940,13:27:18,13.79,-0.02000000000000135,14,19306.0,бТел
941,13:27:21,13.79,0.0,8,11032.0,бТел
942,13:27:30,13.79,0.0,8,11032.0,бРел
943,13:27:36,13.79,0.0,10,13790.0,бТел
944,13:27:57,13.81,0.02000000000000135,1,1381.0,бРел
945,13:28:36,13.75,-0.0600000000000005,10,13753.0,бТел
946,13:29:06,13.8,0.05000000000000071,1,1380.0,бРел
947,13:29:48,13.8,0.0,5,6900.0,бРел
948,13:29:54,13.78,-0.02000000000000135,6,8268.0,бТел
949,13:30:03,13.78,0.0,1,1378.0,бТел
950,13:30:15,13.81,0.030000000000001137,2,2762.0,бРел
951,13:30:45,13.81,0.0,5,6905.0,бТел
952,13:31:48,13.75,-0.0600000000000005,1,1375.0,бТел
953,13:31:51,13.75,0.0,1,1375.0,бТел
954,13:32:30,13.8,0.05000000000000071,1,1380.0,бРел
955,13:32:39,13.78,-0.02000000000000135,1,1378.0,бТел
956,13:32:42,13.8,0.02000000000000135,9,12416.0,бРел
957,13:33:09,13.78,-0.02000000000000135,1,1378.0,бТел
958,13:33:21,13.78,0.0,1,1378.0,бТел
959,13:33:27,13.78,0.0,2,2756.0,бТел
960,13:33:30,13.78,0.0,1,1378.0,бТел
961,13:33:33,13.78,0.0,1,1378.0,бТел
962,13:33:48,13.78,0.0,1,1378.0,бТел
963,13:33:57,13.79,0.009999999999999787,1,1379.0,бТел
964,13:34:24,13.76,-0.02999999999999936,3,4130.0,бТел
965,13:35:15,13.76,0.0,1,1376.0,бТел
966,13:35:18,13.76,0.0,1,1376.0,бТел
967,13:36:00,13.76,0.0,26,35776.0,бТел
968,13:36:09,13.76,0.0,3,4128.0,бТел
969,13:36:18,13.77,0.009999999999999787,2,2754.0,жпптел
970,13:36:36,13.77,0.0,3,4131.0,бРел
971,13:36:57,13.76,-0.009999999999999787,3,4128.0,бТел
972,13:37:00,13.76,0.0,2,2752.0,бТел
973,13:37:15,13.76,0.0,10,13760.0,бТел
974,13:37:18,13.76,0.0,5,6880.0,бТел
975,13:37:27,13.75,-0.009999999999999787,1,1375.0,бТел
976,13:37:30,13.75,0.0,13,17875.0,бТел
977,13:37:33,13.75,0.0,6,8250.0,бТел
978,13:37:36,13.75,0.0,31,42625.0,бТел
979,13:37:45,13.74,-0.009999999999999787,4,5496.0,бТел
980,13:37:48,13.75,0.009999999999999787,6,8249.0,бРел
981,13:37:51,13.75,0.0,12,16498.0,бРел
982,13:37:54,13.74,-0.009999999999999787,1,1374.0,бТел
983,13:38:03,13.75,0.009999999999999787,1,1375.0,бРел
984,13:38:15,13.75,0.0,7,9625.0,бРел
985,13:38:24,13.74,-0.009999999999999787,9,12366.0,бТел
986,13:38:39,13.74,0.0,1,1374.0,бТел
987,13:38:42,13.74,0.0,2,2748.0,бТел
988,13:38:54,13.74,0.0,10,13740.0,бТел
989,13:39:03,13.74,0.0,2,2748.0,бТел
990,13:39:09,13.74,0.0,10,13740.0,бТел
991,13:39:24,13.75,0.009999999999999787,1,1375.0,бРел
992,13:39:30,13.74,-0.009999999999999787,1,1374.0,бТел
993,13:39:33,13.74,0.0,1,1374.0,бТел
994,13:39:42,13.74,0.0,27,37098.0,бТел
995,13:39:48,13.73,-0.009999999999999787,23,31579.0,бТел
996,13:39:51,13.73,0.0,4,5492.0,бТел
997,13:40:00,13.73,0.0,20,27460.0,бРел
998,13:40:15,13.7,-0.030000000000001137,1,1370.0,бТел
999,13:40:21,13.72,0.02000000000000135,7,9602.0,бРел
1000,13:40:24,13.7,-0.02000000000000135,2,2740.0,бТел
1001,13:40:36,13.72,0.02000000000000135,1,1372.0,бРел
1002,13:40:54,13.71,-0.009999999999999787,18,24685.0,бТел
1003,13:41:00,13.71,0.0,2,2741.0,бРел
1004,13:41:03,13.7,-0.010000000000001563,6,8225.0,бТел
1005,13:41:06,13.7,0.0,2,2741.0,бТел
1006,13:41:09,13.7,0.0,8,10960.0,бТел
1007,13:41:12,13.7,0.0,2,2740.0,бТел
1008,13:41:15,13.7,0.0,2,2740.0,бТел
1009,13:42:03,13.7,0.0,1,1370.0,бТел
1010,13:42:06,13.7,0.0,14,19180.0,бТел
1011,13:42:09,13.7,0.0,13,17810.0,бТел
1012,13:42:12,13.7,0.0,13,17810.0,бРел
1013,13:42:15,13.7,0.0,6,8219.0,бРел
1014,13:42:30,13.7,0.0,1,1370.0,бТел
1015,13:42:36,13.71,0.010000000000001563,1,1371.0,бРел
1016,13:42:45,13.71,0.0,5,6855.0,бРел
1017,13:42:51,13.7,-0.010000000000001563,1,1370.0,бТел
1018,13:42:54,13.71,0.010000000000001563,2,2742.0,бРел
1019,13:42:57,13.7,-0.010000000000001563,2,2740.0,бТел
1020,13:43:36,13.7,0.0,1,1370.0,бРел
1021,13:43:45,13.7,0.0,2,2740.0,бРел
1022,13:43:51,13.7,0.0,1,1370.0,бТел
1023,13:44:45,13.7,0.0,2,2740.0,бТел
1024,13:44:51,13.71,0.010000000000001563,1,1371.0,бРел
1025,13:44:57,13.71,0.0,3,4113.0,бРел
1026,13:45:00,13.7,-0.010000000000001563,3,4112.0,бТел
1027,13:46:03,13.7,0.0,4,5480.0,бТел
1028,13:46:09,13.7,0.0,2,2740.0,бРел
1029,13:46:39,13.71,0.010000000000001563,1,1371.0,бРел
1030,13:47:18,13.71,0.0,4,5484.0,бРел
1031,13:47:36,13.71,0.0,19,26871.60000000149,бТел
1032,13:47:51,13.72,0.009999999999999787,13,17836.0,бРел
1033,13:47:54,13.74,0.019999999999999574,13,17862.0,бРел
1034,13:48:00,13.74,0.0,5,6870.0,бРел
1035,13:48:03,13.72,-0.019999999999999574,2,2744.0,бТел
1036,13:48:24,13.72,0.0,2,3361.39999999851,бТел
1037,13:48:45,13.72,0.0,4,6242.60000000149,бТел
1038,13:48:51,13.72,0.0,1,1372.0,бРел
1039,13:48:54,13.72,0.0,3,4170.879999998957,бРел
1040,13:49:00,13.72,0.0,1,2689.120000001043,бТел
1041,13:49:03,13.72,0.0,2,2744.0,бРел
1042,13:49:15,13.72,0.0,5,6860.0,бРел
1043,13:49:21,13.71,-0.009999999999999787,2,2742.0,бТел
1044,13:49:24,13.71,0.0,13,18316.55999999866,бТел
1045,13:49:30,13.72,0.009999999999999787,14,19208.0,бРел
1046,13:49:36,13.71,-0.009999999999999787,4,5484.0,бТел
1047,13:49:42,13.71,0.0,6,8226.0,бТел
1048,13:49:48,13.71,0.0,1,1371.0,бТел
1049,13:49:51,13.72,0.009999999999999787,1,1372.0,бРел
1050,13:49:54,13.72,0.0,5,6860.0,бРел
1051,13:49:57,13.72,0.0,5,6860.0,бРел
1052,13:50:42,13.72,0.0,24,32967.88000000082,бРел
1053,13:50:48,13.72,0.0,0,1317.1199999991804,бТел
1054,13:50:54,13.71,-0.009999999999999787,1,1371.0,бТел
1055,13:50:57,13.72,0.009999999999999787,2,2798.8800000008196,бРел
1056,13:51:03,13.72,0.0,5,6860.0,жпптел
1057,13:51:12,13.72,0.0,1,1372.0,бТел
1058,13:51:15,13.73,0.009999999999999787,4,5492.0,бРел
1059,13:51:18,13.7,-0.030000000000001137,17,23314.039999999106,бТел
1060,13:51:27,13.72,0.02000000000000135,10,13720.0,бРел
1061,13:51:33,13.72,0.0,3,4113.0,бРел
1062,13:51:36,13.7,-0.02000000000000135,15,20550.0,бТел
1063,13:51:48,13.69,-0.009999999999999787,1,1369.0,бТел
1064,13:51:57,13.7,0.009999999999999787,10,13700.0,бРел
1065,13:52:03,13.69,-0.009999999999999787,2,2738.0,бТел
1066,13:52:33,13.69,0.0,2,2738.0,бТел
1067,13:52:51,13.7,0.009999999999999787,1,1370.0,бРел
1068,13:53:03,13.69,-0.009999999999999787,2,2738.0,бТел
1069,13:53:21,13.69,0.0,50,68450.0,бТел
1070,13:53:36,13.68,-0.009999999999999787,2,2736.0,бТел
1071,13:54:21,13.69,0.009999999999999787,2,2737.0,бРел
1072,13:54:24,13.69,0.0,4,5476.0,бРел
1073,13:54:51,13.7,0.009999999999999787,1,1370.0,бРел
1074,13:55:03,13.7,0.0,5,6850.0,бРел
1075,13:55:06,13.7,0.0,1,1370.0,бРел
1076,13:55:12,13.7,0.0,33,45210.0,бРел
1077,13:55:18,13.7,0.0,4,5480.0,бРел
1078,13:55:27,13.7,0.0,1,1370.0,бРел
1079,13:55:36,13.69,-0.009999999999999787,5,6845.0,бТел
1080,13:55:54,13.7,0.009999999999999787,1,1370.0,бРел
1081,13:56:15,13.69,-0.009999999999999787,2,2738.0,бТел
1082,13:56:42,13.69,0.0,3,4107.0,бТел
1083,13:56:45,13.69,0.0,1,1369.0,бТел
1084,13:56:54,13.7,0.009999999999999787,1,1370.0,бРел
1085,13:56:57,13.69,-0.009999999999999787,3,4107.0,бТел
1086,13:57:00,13.69,0.0,1,1369.0,бТел
1087,13:57:21,13.69,0.0,19,26011.0,бТел
1088,13:57:36,13.7,0.009999999999999787,1,1370.0,бРел
1089,13:58:00,13.69,-0.009999999999999787,9,12321.0,бТел
1090,13:58:06,13.7,0.009999999999999787,2,2740.0,бРел
1091,13:58:12,13.69,-0.009999999999999787,1,1369.0,бТел
1092,13:58:39,13.69,0.0,1,1369.0,бТел
1093,13:58:54,13.69,0.0,14,19167.0,бТел
1094,13:59:09,13.69,0.0,1,1369.0,бТел
1095,13:59:15,13.69,0.0,1,1369.0,бТел
1096,13:59:30,13.69,0.0,1,1369.0,бТел
1097,13:59:45,13.69,0.0,2,2738.0,бТел
1098,13:59:48,13.7,0.009999999999999787,1,1370.0,бРел
1099,13:59:51,13.69,-0.009999999999999787,3,4107.0,бТел
1100,14:00:03,13.69,0.0,3,4107.0,бТел
1101,14:00:06,13.69,0.0,1,1369.0,бТел
1102,14:00:12,13.69,0.0,7,9583.0,бТел
1103,14:01:27,13.7,0.009999999999999787,1,1370.0,бРел
1104,14:01:33,13.69,-0.009999999999999787,42,57498.0,бТел
1105,14:01:39,13.69,0.0,6,8214.0,бРел
1106,14:01:45,13.69,0.0,5,6845.0,бРел
1107,14:02:03,13.69,0.0,1,1369.0,бРел
1108,14:02:12,13.69,0.0,9,12321.0,бРел
1109,14:02:15,13.69,0.0,23,31487.0,бРел
1110,14:02:18,13.69,0.0,23,31487.0,бРел
1111,14:02:21,13.69,0.0,2,2738.0,бРел
1112,14:02:24,13.69,0.0,3,4107.0,бРел
1113,14:02:33,13.69,0.0,20,27380.0,бРел
1114,14:02:36,13.69,0.0,99,135531.0,бРел
1115,14:02:39,13.7,0.009999999999999787,17,23283.0,бРел
1116,14:02:45,13.7,0.0,18,24660.0,бРел
1117,14:02:51,13.7,0.0,18,24660.0,бРел
1118,14:02:57,13.7,0.0,10,13700.0,бРел
1119,14:03:03,13.7,0.0,10,13700.0,бРел
1120,14:03:09,13.7,0.0,10,13700.0,бРел
1121,14:03:12,13.7,0.0,10,13700.0,бРел
1122,14:03:15,13.7,0.0,10,13700.0,бРел
1123,14:03:18,13.69,-0.009999999999999787,14,19166.0,бТел
1124,14:03:24,13.7,0.009999999999999787,16,21920.0,бРел
1125,14:03:33,13.69,-0.009999999999999787,8,10952.0,бТел
1126,14:03:36,13.69,0.0,3,4107.0,бТел
1127,14:03:42,13.69,0.0,14,19166.0,бТел
1128,14:04:24,13.69,0.0,14,19166.0,бТел
1129,14:04:27,13.69,0.0,6,8214.0,бТел
1130,14:04:30,13.69,0.0,7,9583.0,бТел
1131,14:04:33,13.69,0.0,9,12321.0,бРел
1132,14:04:39,13.69,0.0,18,24642.0,бТел
1133,14:04:45,13.69,0.0,8,10952.0,бТел
1134,14:04:48,13.69,0.0,1,1369.0,бТел
1135,14:04:54,13.68,-0.009999999999999787,56,76608.0,бТел
1136,14:04:57,13.68,0.0,4,5472.0,бТел
1137,14:05:00,13.67,-0.009999999999999787,1,1367.0,бТел
1138,14:05:03,13.67,0.0,5,6835.0,бТел
1139,14:05:06,13.67,0.0,14,19138.0,бТел
1140,14:05:09,13.67,0.0,14,19139.0,бТел
1141,14:05:15,13.67,0.0,23,31441.0,бТел
1142,14:05:21,13.67,0.0,8,10936.0,бРел
1143,14:05:24,13.66,-0.009999999999999787,10,13660.0,бТел
1144,14:05:39,13.66,0.0,50,68300.0,бТел
1145,14:05:45,13.66,0.0,5,6830.0,бТел
1146,14:06:15,13.66,0.0,5,6830.0,бТел
1147,14:06:21,13.66,0.0,4,5464.0,бТел
1148,14:06:27,13.67,0.009999999999999787,20,27329.0,бРел
1149,14:06:30,13.66,-0.009999999999999787,18,24588.0,бТел
1150,14:06:33,13.66,0.0,28,38248.0,бТел
1151,14:06:39,13.66,0.0,22,30052.0,бТел
1152,14:06:42,13.66,0.0,47,64202.0,бТел
1153,14:06:45,13.66,0.0,27,36882.0,бТел
1154,14:06:48,13.66,0.0,30,40980.0,бТел
1155,14:06:54,13.65,-0.009999999999999787,142,193830.0,бТел
1156,14:06:57,13.65,0.0,4,5460.0,бРел
1157,14:07:00,13.64,-0.009999999999999787,6,8184.0,бТел
1158,14:07:03,13.64,0.0,6,8184.0,бТел
1159,14:07:09,13.64,0.0,8,10914.0,бТел
1160,14:07:12,13.64,0.0,4,5456.0,бТел
1161,14:07:15,13.64,0.0,30,40928.0,бТел
1162,14:07:18,13.64,0.0,3,4092.0,бРел
1163,14:07:21,13.63,-0.009999999999999787,1,1363.0,бТел
1164,14:07:30,13.63,0.0,6,8178.0,бТел
1165,14:07:39,13.63,0.0,68,92684.0,бРел
1166,14:07:42,13.63,0.0,13,17719.0,бТел
1167,14:07:45,13.64,0.009999999999999787,17,23183.0,бРел
1168,14:07:48,13.63,-0.009999999999999787,13,17726.0,бТел
1169,14:07:51,13.63,0.0,26,35457.0,бТел
1170,14:07:54,13.64,0.009999999999999787,2,2728.0,бРел
1171,14:08:03,13.64,0.0,162,220968.0,бРел
1172,14:08:15,13.65,0.009999999999999787,200,273000.0,бРел
1173,14:08:21,13.65,0.0,41,56101.5,бРел
1174,14:08:24,13.65,0.0,3,4095.0,бТел
1175,14:08:27,13.65,0.0,9,12285.0,бТел
1176,14:09:00,13.65,0.0,2,2730.0,бТел
1177,14:09:06,13.66,0.009999999999999787,84,114744.0,бРел
1178,14:09:09,13.67,0.009999999999999787,10,13670.0,бРел
1179,14:09:12,13.67,0.0,1,1367.0,бРел
1180,14:09:15,13.66,-0.009999999999999787,21,28686.0,бТел
1181,14:09:36,13.66,0.0,10,13660.0,бРел
1182,14:09:39,13.66,0.0,1,1366.0,бРел
1183,14:09:45,13.66,0.0,6,8191.0,бРел
1184,14:09:48,13.66,0.0,2,2732.0,бТел
1185,14:09:54,13.66,0.0,1,1366.0,бТел
1186,14:10:00,13.66,0.0,2,2732.0,бТел
1187,14:10:06,13.66,0.0,2,2732.0,бТел
1188,14:10:15,13.66,0.0,2,2732.0,бТел
1189,14:10:18,13.66,0.0,11,15026.0,бТел
1190,14:10:21,13.66,0.0,6,8196.0,бРел
1191,14:10:24,13.65,-0.009999999999999787,3,4095.0,бТел
1192,14:10:54,13.65,0.0,4,5460.0,бТел
1193,14:11:00,13.65,0.0,1,1365.0,бТел
1194,14:11:03,13.65,0.0,20,27300.0,бТел
1195,14:11:06,13.65,0.0,36,49140.0,бТел
1196,14:11:42,13.65,0.0,1,1365.0,бТел
1197,14:11:45,13.65,0.0,1,1365.0,бТел
1198,14:11:48,13.65,0.0,4,5460.0,бТел
1199,14:12:00,13.65,0.0,4,5460.0,бТел
1200,14:12:06,13.65,0.0,67,91455.0,бТел
1201,14:12:21,13.66,0.009999999999999787,1,1366.0,бРел
1202,14:12:48,13.66,0.0,5,6829.0,бРел
1203,14:13:00,13.66,0.0,10,13660.0,бРел
1204,14:13:39,13.65,-0.009999999999999787,20,27300.0,бТел
1205,14:13:42,13.65,0.0,4,5460.0,бТел
1206,14:13:45,13.65,0.0,4,5460.0,бТел
1207,14:13:54,13.66,0.009999999999999787,4,5464.0,бРел
1208,14:13:57,13.66,0.0,5,6830.0,бРел
1209,14:14:03,13.65,-0.009999999999999787,2,2730.0,бТел
1210,14:14:09,13.65,0.0,12,17608.5,бТел
1211,14:14:18,13.65,0.0,4,5460.0,бРел
1212,14:14:21,13.64,-0.009999999999999787,4,5456.0,бТел
1213,14:14:24,13.64,0.0,3,4092.0,бТел
1214,14:14:33,13.64,0.0,7,9548.0,бТел
1215,14:14:48,13.64,0.0,4,5456.0,бТел
1216,14:15:06,13.65,0.009999999999999787,11,15015.0,бРел
1217,14:15:09,13.65,0.0,11,15015.0,бТел
1218,14:15:15,13.65,0.0,2,2730.0,бРел
1219,14:15:18,13.65,0.0,5,6825.0,бРел
1220,14:15:30,13.65,0.0,10,13650.0,бРел
1221,14:15:33,13.64,-0.009999999999999787,4,5456.0,бТел
1222,14:16:00,13.64,0.0,4,5456.0,бТел
1223,14:16:15,13.65,0.009999999999999787,2,2730.0,бРел
1224,14:16:30,13.64,-0.009999999999999787,2,2728.0,бТел
1225,14:17:42,13.64,0.0,4,5456.0,бТел
1226,14:17:54,13.65,0.009999999999999787,2,2730.0,бРел
1227,14:18:06,13.64,-0.009999999999999787,41,55924.0,бТел
1228,14:18:15,13.64,0.0,4,5456.0,бТел
1229,14:18:45,13.65,0.009999999999999787,6,8190.0,бРел
1230,14:19:03,13.64,-0.009999999999999787,6,8184.0,бТел
1231,14:19:06,13.64,0.0,5,6820.0,бТел
1232,14:19:36,13.64,0.0,6,8184.0,бТел
1233,14:19:42,13.64,0.0,4,5456.0,бТел
1234,14:19:48,13.64,0.0,20,27280.0,бТел
1235,14:20:12,13.64,0.0,1,1364.0,бТел
1236,14:20:18,13.64,0.0,8,10912.0,бТел
1237,14:20:27,13.65,0.009999999999999787,1,1365.0,бРел
1238,14:21:00,13.65,0.0,5,6825.0,бРел
1239,14:21:09,13.65,0.0,5,6825.0,бРел
1240,14:21:15,13.64,-0.009999999999999787,7,9548.0,бТел
1241,14:21:33,13.65,0.009999999999999787,1,1365.0,бРел
1242,14:21:45,13.64,-0.009999999999999787,4,5456.0,бТел
1243,14:22:36,13.64,0.0,4,5456.0,бТел
1244,14:22:51,13.64,0.0,4,5456.0,бТел
1245,14:23:00,13.65,0.009999999999999787,17,23205.0,бРел
1246,14:23:06,13.65,0.0,5,6825.0,бРел
1247,14:23:21,13.64,-0.009999999999999787,5,6820.0,бТел
1248,14:23:24,13.64,0.0,24,32736.0,бТел
1249,14:23:27,13.64,0.0,3,4092.0,бТел
1250,14:23:45,13.64,0.0,4,5456.0,бТел
1251,14:24:00,13.64,0.0,32,43648.0,бТел
1252,14:24:03,13.64,0.0,59,80476.0,бТел
1253,14:24:06,13.64,0.0,97,132308.0,бТел
1254,14:24:09,13.63,-0.009999999999999787,29,39527.0,бТел
1255,14:24:12,13.64,0.009999999999999787,7,9548.0,бРел
1256,14:24:15,13.63,-0.009999999999999787,29,39527.0,бТел
1257,14:24:21,13.63,0.0,47,64061.0,бТел
1258,14:24:27,13.62,-0.010000000000001563,1,1362.0,бТел
1259,14:24:30,13.62,0.0,7,9534.0,бТел
1260,14:24:33,13.62,0.0,17,23154.0,бТел
1261,14:24:36,13.62,0.0,13,17706.0,бТел
1262,14:24:39,13.62,0.0,27,36774.0,бТел
1263,14:24:42,13.62,0.0,6,8172.0,бТел
1264,14:24:51,13.62,0.0,2,2724.0,бТел
1265,14:25:00,13.62,0.0,72,98064.0,бТел
1266,14:25:03,13.62,0.0,10,13620.0,бТел
1267,14:25:06,13.62,0.0,20,27240.0,бТел
1268,14:25:12,13.62,0.0,35,47670.0,бТел
1269,14:25:18,13.63,0.010000000000001563,37,50410.0,бРел
1270,14:25:24,13.61,-0.02000000000000135,5,6805.0,бТел
1271,14:25:27,13.61,0.0,102,138822.0,бТел
1272,14:25:30,13.61,0.0,23,31303.0,бТел
1273,14:25:36,13.62,0.009999999999999787,7,9530.0,бРел
1274,14:25:45,13.62,0.0,4,5448.0,бТел
1275,14:26:06,13.62,0.0,4,5448.0,бТел
1276,14:26:09,13.62,0.0,10,13620.0,бТел
1277,14:26:12,13.62,0.0,1,1362.0,бТел
1278,14:26:15,13.63,0.010000000000001563,51,69473.0,бРел
1279,14:26:18,13.62,-0.010000000000001563,1,1362.0,бТел
1280,14:26:36,13.63,0.010000000000001563,5,6815.0,бРел
1281,14:26:45,13.63,0.0,3,4089.0,бРел
1282,14:26:51,13.63,0.0,6,8178.0,бТел
1283,14:27:09,13.63,0.0,29,39527.0,бТел
1284,14:27:12,13.63,0.0,4,5452.0,бРел
1285,14:27:18,13.62,-0.010000000000001563,38,51756.0,бТел
1286,14:27:27,13.63,0.010000000000001563,30,40870.0,бРел
1287,14:27:36,13.63,0.0,5,6815.0,бРел
1288,14:27:45,13.61,-0.02000000000000135,18,24498.0,бТел
1289,14:27:51,13.62,0.009999999999999787,6,8167.0,жпптел
1290,14:28:09,13.62,0.0,3,4086.0,бТел
1291,14:28:12,13.62,0.0,13,17706.0,бТел
1292,14:28:18,13.61,-0.009999999999999787,8,10888.0,бТел
1293,14:28:24,13.61,0.0,93,126573.0,бТел
1294,14:28:27,13.63,0.02000000000000135,1,1363.0,бРел
1295,14:28:30,13.63,0.0,7,9541.0,бРел
1296,14:28:36,13.61,-0.02000000000000135,54,73494.0,бТел
1297,14:28:39,13.61,0.0,1,1361.0,бТел
1298,14:28:42,13.61,0.0,1,1361.0,бТел
1299,14:29:06,13.61,0.0,11,14971.0,бТел
1300,14:29:24,13.63,0.02000000000000135,1,1363.0,бРел
1301,14:29:39,13.63,0.0,5,6815.0,бРел
1302,14:29:42,13.61,-0.02000000000000135,4,5444.0,бТел
1303,14:29:45,13.61,0.0,16,21776.0,бТел
1304,14:30:06,13.62,0.009999999999999787,1,1362.0,бТел
1305,14:30:12,13.62,0.0,1,1362.0,бТел
1306,14:30:18,13.62,0.0,4,5448.0,бТел
1307,14:30:24,13.62,0.0,3,4086.0,бТел
1308,14:30:39,13.62,0.0,4,5448.0,бТел
1309,14:31:12,13.63,0.010000000000001563,2,2726.0,бРел
1310,14:31:21,13.64,0.009999999999999787,2,2728.0,бРел
1311,14:31:30,13.64,0.0,3,4092.0,бРел
1312,14:32:00,13.65,0.009999999999999787,2,2730.0,бРел
1313,14:32:33,13.65,0.0,2,2730.0,бТел
1314,14:32:36,13.65,0.0,3,4095.0,бРел
1315,14:32:39,13.65,0.0,2,2730.0,бРел
1316,14:33:06,13.65,0.0,1,1365.0,бРел
1317,14:33:09,13.65,0.0,5,6825.0,бРел
1318,14:33:15,13.63,-0.019999999999999574,4,5452.0,бТел
1319,14:33:21,13.65,0.019999999999999574,5,6825.0,бРел
1320,14:33:27,13.63,-0.019999999999999574,5,6815.0,бТел
1321,14:33:36,13.63,0.0,2,2726.0,бТел
1322,14:33:54,13.63,0.0,2,2726.0,бТел
1323,14:34:00,13.63,0.0,21,28603.0,жпптел
1324,14:34:03,13.63,0.0,5,6815.0,бРел
1325,14:34:06,13.62,-0.010000000000001563,16,21792.0,бТел
1326,14:34:36,13.63,0.010000000000001563,1,1363.0,бРел
1327,14:34:39,13.63,0.0,5,6815.0,бРел
1328,14:34:42,13.62,-0.010000000000001563,4,5448.0,бТел
1329,14:34:45,13.63,0.010000000000001563,1,1363.0,бРел
1330,14:35:00,13.62,-0.010000000000001563,1,1362.0,бТел
1331,14:35:24,13.63,0.010000000000001563,7,9536.0,бРел
1332,14:35:30,13.62,-0.010000000000001563,2,2724.0,бТел
1333,14:35:36,13.62,0.0,1,1362.0,бТел
1334,14:35:45,13.62,0.0,2,2724.0,бТел
1335,14:36:00,13.62,0.0,1,1362.0,бТел
1336,14:36:30,13.63,0.010000000000001563,2,2726.0,бРел
1337,14:36:42,13.62,-0.010000000000001563,4,5448.0,бТел
1338,14:37:03,13.62,0.0,5,6810.0,бТел
1339,14:37:21,13.63,0.010000000000001563,65,88595.0,бРел
1340,14:37:30,13.62,-0.010000000000001563,7,9534.0,бТел
1341,14:37:36,13.63,0.010000000000001563,1,1363.0,бРел
1342,14:37:42,13.62,-0.010000000000001563,100,136200.0,бТел
1343,14:37:45,13.63,0.010000000000001563,6,8178.0,бРел
1344,14:37:51,13.63,0.0,15,20436.0,бРел
1345,14:38:06,13.62,-0.010000000000001563,50,68100.0,жпптел
1346,14:38:21,13.62,0.0,2,2724.0,бРел
1347,14:38:27,13.62,0.0,1,1362.0,бРел
1348,14:38:33,13.62,0.0,5,6806.0,бРел
1349,14:38:36,13.62,0.0,1,1362.0,бРел
1350,14:38:42,13.61,-0.009999999999999787,3,4083.0,бТел
1351,14:38:45,13.61,0.0,100,136100.0,бТел
1352,14:39:03,13.61,0.0,20,27220.0,бТел
1353,14:39:06,13.61,0.0,9,12249.0,бТел
1354,14:39:09,13.61,0.0,30,40830.0,бТел
1355,14:39:12,13.61,0.0,5,6805.0,бТел
1356,14:39:15,13.61,0.0,4,5444.0,бТел
1357,14:39:18,13.61,0.0,3,4083.0,бТел
1358,14:39:30,13.61,0.0,1,1361.0,бТел
1359,14:39:36,13.62,0.009999999999999787,11,14982.0,бРел
1360,14:39:39,13.61,-0.009999999999999787,4,5444.0,бТел
1361,14:40:03,13.61,0.0,4,5444.0,бТел
1362,14:40:06,13.62,0.009999999999999787,1,1362.0,бРел
1363,14:40:12,13.61,-0.009999999999999787,7,9527.0,бТел
1364,14:40:15,13.61,0.0,2,2722.0,бТел
1365,14:40:18,13.61,0.0,22,29942.0,бТел
1366,14:40:21,13.61,0.0,2,2722.0,бТел
1367,14:40:24,13.61,0.0,2,2722.0,бТел
1368,14:40:27,13.61,0.0,4,5444.0,бТел
1369,14:40:30,13.61,0.0,43,58523.0,бТел
1370,14:40:33,13.61,0.0,4,5444.0,бТел
1371,14:40:36,13.61,0.0,5,6805.0,бТел
1372,14:40:39,13.61,0.0,1,1361.0,бТел
1373,14:40:45,13.61,0.0,42,57162.0,бТел
1374,14:40:48,13.61,0.0,30,40830.0,бТел
1375,14:40:57,13.6,-0.009999999999999787,3,4082.0,бТел
1376,14:41:06,13.6,0.0,30,40800.0,бТел
1377,14:41:09,13.62,0.019999999999999574,10,13620.0,бРел
1378,14:41:15,13.6,-0.019999999999999574,1,1360.0,бТел
1379,14:41:18,13.62,0.019999999999999574,1,1362.0,бРел
1380,14:41:39,13.6,-0.019999999999999574,4,5440.0,бТел
1381,14:41:45,13.6,0.0,3,4080.0,бТел
1382,14:41:51,13.62,0.019999999999999574,2,2723.0,бРел
1383,14:42:03,13.61,-0.009999999999999787,39,53079.0,бТел
1384,14:42:15,13.6,-0.009999999999999787,34,46241.0,бТел
1385,14:42:21,13.62,0.019999999999999574,32,43575.0,бРел
1386,14:42:48,13.6,-0.019999999999999574,1,1360.0,бТел
1387,14:42:51,13.62,0.019999999999999574,7,9522.0,бРел
1388,14:42:54,13.6,-0.019999999999999574,20,27200.0,бТел
1389,14:42:57,13.6,0.0,9,12240.0,бТел
1390,14:43:12,13.6,0.0,118,160480.0,бТел
1391,14:43:18,13.6,0.0,1,1360.0,бТел
1392,14:43:21,13.6,0.0,240,326400.0,бТел
1393,14:43:27,13.6,0.0,7,9520.0,бТел
1394,14:43:51,13.6,0.0,14,19040.0,бТел
1395,14:43:54,13.6,0.0,1,1360.0,бТел
1396,14:44:06,13.6,0.0,44,59842.0,бТел
1397,14:44:09,13.6,0.0,63,85680.0,бТел
1398,14:44:12,13.6,0.0,6,8160.0,бТел
1399,14:44:30,13.62,0.019999999999999574,1,1362.0,бРел
1400,14:44:39,13.6,-0.019999999999999574,4,5440.0,бТел
1401,14:44:54,13.61,0.009999999999999787,1,1361.0,бТел
1402,14:44:57,13.61,0.0,1,1361.0,бТел
1403,14:45:03,13.61,0.0,7,9527.0,бТел
1404,14:45:09,13.61,0.0,4,5444.0,жпптел
1405,14:45:12,13.61,0.0,6,8166.0,бРел
1406,14:45:18,13.61,0.0,3,4083.0,бРел
1407,14:45:27,13.61,0.0,10,13610.0,бРел
1408,14:45:30,13.6,-0.009999999999999787,1,1360.0,бТел
1409,14:45:45,13.6,0.0,1,1360.0,бТел
1410,14:46:12,13.61,0.009999999999999787,24,32641.0,бРел
1411,14:46:18,13.6,-0.009999999999999787,4,5440.0,бТел
1412,14:46:24,13.6,0.0,1,1360.0,бТел
1413,14:46:30,13.6,0.0,3,4080.0,бТел
1414,14:46:33,13.61,0.009999999999999787,2,2722.0,бРел
1415,14:46:42,13.61,0.0,3,4083.0,бРел
1416,14:46:51,13.61,0.0,1,1361.0,бРел
1417,14:47:09,13.61,0.0,1,1361.0,бРел
1418,14:47:15,13.6,-0.009999999999999787,4,5440.0,бТел
1419,14:47:24,13.6,0.0,4,5440.0,бТел
1420,14:47:36,13.6,0.0,22,29920.0,бТел
1421,14:47:39,13.61,0.009999999999999787,1,1361.0,бРел
1422,14:47:42,13.6,-0.009999999999999787,11,14960.0,бТел
1423,14:47:45,13.6,0.0,4,5440.0,бТел
1424,14:48:09,13.61,0.009999999999999787,1,1361.0,бРел
1425,14:48:36,13.61,0.0,1,1361.0,бРел
1426,14:49:03,13.6,-0.009999999999999787,7,9520.0,бТел
1427,14:49:09,13.6,0.0,1,1360.0,бТел
1428,14:49:15,13.6,0.0,14,19040.0,бТел
1429,14:49:18,13.6,0.0,7,9520.0,бТел
1430,14:49:21,13.6,0.0,10,13601.0,бТел
1431,14:49:24,13.6,0.0,4,5440.0,бТел
1432,14:49:33,13.6,0.0,13,17680.0,бТел
1433,14:49:36,13.6,0.0,4,5440.0,бТел
1434,14:50:03,13.6,0.0,10,13600.0,бТел
1435,14:50:12,13.6,0.0,11,14960.0,бТел
1436,14:50:15,13.6,0.0,70,95200.0,бТел
1437,14:50:24,13.59,-0.009999999999999787,1,1359.0,бТел
1438,14:50:27,13.59,0.0,22,29898.0,бТел
1439,14:50:30,13.59,0.0,35,47565.0,бТел
1440,14:50:36,13.59,0.0,11,14948.0,бРел
1441,14:50:42,13.59,0.0,19,25821.0,бТел
1442,14:50:51,13.59,0.0,7,9513.0,бТел
1443,14:50:54,13.59,0.0,4,5436.0,бТел
1444,14:51:12,13.6,0.009999999999999787,22,29893.0,бРел
1445,14:51:24,13.58,-0.019999999999999574,1,1358.0,бТел
1446,14:51:30,13.58,0.0,4,5432.0,бТел
1447,14:51:33,13.58,0.0,50,67900.0,бТел
1448,14:51:36,13.6,0.019999999999999574,11,14940.0,бРел
1449,14:51:51,13.6,0.0,1,1360.0,бРел
1450,14:52:09,13.6,0.0,3,4080.0,бРел
1451,14:52:12,13.59,-0.009999999999999787,25,33975.0,бТел
1452,14:52:18,13.58,-0.009999999999999787,98,133084.0,бТел
1453,14:52:21,13.58,0.0,4,5432.0,бТел
1454,14:52:36,13.59,0.009999999999999787,10,13590.0,бРел
1455,14:52:39,13.59,0.0,1,1359.0,бРел
1456,14:52:45,13.58,-0.009999999999999787,25,33950.0,бТел
1457,14:53:00,13.59,0.009999999999999787,34,46174.0,бРел
1458,14:53:06,13.59,0.0,1,1359.0,бРел
1459,14:53:09,13.58,-0.009999999999999787,3,4076.0,бТел
1460,14:53:15,13.58,0.0,125,169750.0,бТел
1461,14:53:21,13.56,-0.019999999999999574,30,40680.0,бТел
1462,14:53:24,13.58,0.019999999999999574,3,4074.0,бРел
1463,14:53:51,13.57,-0.009999999999999787,33,44781.0,бТел
1464,14:53:54,13.57,0.0,10,13570.0,бТел
1465,14:53:57,13.57,0.0,4,5428.0,бТел
1466,14:54:06,13.58,0.009999999999999787,1,1358.0,бРел
1467,14:54:12,13.57,-0.009999999999999787,44,59708.0,бТел
1468,14:54:18,13.56,-0.009999999999999787,4,5424.0,бТел
1469,14:54:30,13.56,0.0,119,161364.0,бТел
1470,14:54:33,13.55,-0.009999999999999787,2,2711.0,бТел
1471,14:54:36,13.56,0.009999999999999787,1,1356.0,бРел
1472,14:54:42,13.55,-0.009999999999999787,29,39295.0,бТел
1473,14:54:45,13.56,0.009999999999999787,12,16272.0,бРел
1474,14:55:12,13.56,0.0,5,6780.0,бРел
1475,14:55:21,13.56,0.0,34,46104.0,бРел
1476,14:55:27,13.56,0.0,79,107124.0,бТел
1477,14:55:30,13.56,0.0,39,52884.0,бРел
1478,14:55:33,13.56,0.0,9,12200.0,бРел
1479,14:55:39,13.56,0.0,3,4068.0,бРел
1480,14:55:45,13.56,0.0,3,4068.0,бРел
1481,14:55:48,13.55,-0.009999999999999787,33,44715.0,бТел
1482,14:55:51,13.55,0.0,53,71815.0,бРел
1483,14:56:00,13.55,0.0,2,2710.0,бРел
1484,14:56:06,13.55,0.0,1,1355.0,бРел
1485,14:56:18,13.54,-0.010000000000001563,20,27080.0,бТел
1486,14:56:51,13.55,0.010000000000001563,8,10840.0,бРел
1487,15:00:03,13.54,-0.010000000000001563,208,281632.0,бРел
