,Ёи╫╩й╠╪Д,Ёи╫╩╪ш,╪ш╦Я╠Д╤╞,Ёи╫╩а©ё╗йжё╘,Ёи╫╩╤Нё╗т╙ё╘,птжй
0,09:25:03,4.93,-0.040000000000000036,207,102051.0,бРел
1,09:30:03,4.94,0.010000000000000675,234,115450.0,бРел
2,09:30:06,4.94,0.0,61,30158.0,бТел
3,09:30:09,4.95,0.009999999999999787,7,3465.0,бРел
4,09:30:12,4.94,-0.009999999999999787,18,8902.0,бТел
5,09:30:15,4.95,0.009999999999999787,18,8910.0,бРел
6,09:30:18,4.94,-0.009999999999999787,2,989.0,бТел
7,09:30:21,4.94,0.0,5,2471.0,бТел
8,09:30:27,4.95,0.009999999999999787,1,495.0,бРел
9,09:30:30,4.95,0.0,3,1485.0,бРел
10,09:30:39,4.95,0.0,24,11880.0,бРел
11,09:30:42,4.94,-0.009999999999999787,5,2470.0,бТел
12,09:30:45,4.94,0.0,51,25224.0,бТел
13,09:30:48,4.94,0.0,1,494.0,бТел
14,09:30:51,4.94,0.0,214,105750.0,бТел
15,09:30:54,4.93,-0.010000000000000675,79,38998.0,бТел
16,09:30:57,4.93,0.0,12,5916.0,бТел
17,09:31:00,4.94,0.010000000000000675,97,47910.0,бРел
18,09:31:03,4.94,0.0,4,1976.0,бТел
19,09:31:06,4.94,0.0,11,5434.0,бТел
20,09:31:09,4.94,0.0,34,16796.0,бТел
21,09:31:12,4.94,0.0,40,19760.0,бТел
22,09:31:15,4.94,0.0,4,1976.0,бТел
23,09:31:18,4.94,0.0,107,52858.0,бТел
24,09:31:21,4.94,0.0,1,494.0,бТел
25,09:31:24,4.94,0.0,24,11856.0,бТел
26,09:31:27,4.94,0.0,11,5434.0,бТел
27,09:31:30,4.94,0.0,3,1482.0,бТел
28,09:31:45,4.95,0.009999999999999787,21,10395.0,бРел
29,09:31:48,4.95,0.0,17,8415.0,бРел
30,09:31:51,4.94,-0.009999999999999787,8,3954.0,бТел
31,09:31:54,4.94,0.0,201,99294.0,бТел
32,09:31:57,4.94,0.0,27,13312.0,бРел
33,09:32:03,4.94,0.0,14,6916.0,бРел
34,09:32:06,4.94,0.0,5,2470.0,бРел
35,09:32:09,4.94,0.0,83,41002.0,бРел
36,09:32:12,4.94,0.0,16,7904.0,бТел
37,09:32:15,4.94,0.0,5,2470.0,бТел
38,09:32:21,4.95,0.009999999999999787,47,23225.0,бРел
39,09:32:24,4.93,-0.020000000000000462,7,3451.0,бТел
40,09:32:27,4.94,0.010000000000000675,5,2470.0,бТел
41,09:32:48,4.94,0.0,113,55855.0,бТел
42,09:32:51,4.95,0.009999999999999787,80,39516.0,бРел
43,09:32:54,4.95,0.0,4,1980.0,бТел
44,09:32:57,4.94,-0.009999999999999787,101,50065.0,бТел
45,09:33:03,4.95,0.009999999999999787,57,28205.0,бРел
46,09:33:09,4.95,0.0,20,9900.0,бРел
47,09:33:15,4.95,0.0,2,990.0,бРел
48,09:33:18,4.95,0.0,42,20790.0,бРел
49,09:33:21,4.95,0.0,111,54942.0,бРел
50,09:33:24,4.95,0.0,1,495.0,бТел
51,09:33:30,4.95,0.0,9,4455.0,бТел
52,09:33:36,4.95,0.0,6,2970.0,бТел
53,09:33:39,4.95,0.0,9,4455.0,бТел
54,09:33:42,4.97,0.019999999999999574,238,118086.0,бРел
55,09:33:48,4.95,-0.019999999999999574,18,8910.0,бТел
56,09:33:51,4.95,0.0,1,495.0,бТел
57,09:33:54,4.97,0.019999999999999574,4,1988.0,бРел
58,09:34:15,4.96,-0.009999999999999787,10,4960.0,бРел
59,09:34:36,4.96,0.0,20,9920.0,бРел
60,09:34:39,4.98,0.020000000000000462,303,150571.0,бРел
61,09:34:45,4.98,0.0,26,12948.0,бРел
62,09:34:51,4.98,0.0,10,4980.0,бРел
63,09:35:06,4.98,0.0,34,16932.0,бРел
64,09:35:09,4.98,0.0,30,14940.0,бРел
65,09:35:15,4.98,0.0,26,12948.0,бРел
66,09:35:18,4.98,0.0,47,23406.0,бРел
67,09:35:21,4.98,0.0,10,4980.0,бТел
68,09:35:36,4.98,0.0,40,19930.0,бТел
69,09:35:39,4.99,0.009999999999999787,157,78343.0,бРел
70,09:35:42,4.99,0.0,15,7485.0,бРел
71,09:35:45,4.98,-0.009999999999999787,21,10473.0,бТел
72,09:35:57,5.0,0.019999999999999574,20,9985.0,бРел
73,09:36:00,4.99,-0.009999999999999787,88,43990.0,бТел
74,09:36:03,4.99,0.0,17,8483.0,бТел
75,09:36:06,4.98,-0.009999999999999787,49,24448.0,бТел
76,09:36:09,4.99,0.009999999999999787,18,8982.0,жпптел
77,09:36:21,4.98,-0.009999999999999787,9,4482.0,бТел
78,09:36:27,4.99,0.009999999999999787,41,20459.0,бРел
79,09:36:33,4.98,-0.009999999999999787,22,10956.0,бТел
80,09:36:36,4.98,0.0,53,26399.0,бТел
81,09:36:39,4.98,0.0,121,60258.0,бТел
82,09:36:42,4.98,0.0,1,498.0,бРел
83,09:36:48,4.98,0.0,39,19387.0,бРел
84,09:36:51,4.98,0.0,18,8964.0,бРел
85,09:37:03,4.98,0.0,46,22908.0,бРел
86,09:37:12,4.97,-0.010000000000000675,7,3479.0,бТел
87,09:37:18,4.98,0.010000000000000675,1,498.0,бРел
88,09:37:21,4.98,0.0,109,54254.0,бРел
89,09:37:30,4.98,0.0,11,5478.0,бРел
90,09:37:36,4.98,0.0,10,4980.0,бРел
91,09:37:39,4.98,0.0,93,46314.0,бРел
92,09:37:45,4.99,0.009999999999999787,15,7485.0,бРел
93,09:37:51,4.98,-0.009999999999999787,100,49800.0,бТел
94,09:37:54,4.99,0.009999999999999787,6,2994.0,бРел
95,09:38:00,4.98,-0.009999999999999787,9,4482.0,бТел
96,09:38:03,4.99,0.009999999999999787,97,48386.0,бРел
97,09:38:06,4.99,0.0,75,37425.0,бРел
98,09:38:12,4.99,0.0,18,8974.0,бРел
99,09:38:15,4.99,0.0,43,21458.0,бРел
100,09:38:18,4.99,0.0,9,4491.0,бРел
101,09:38:24,4.99,0.0,2,998.0,бРел
102,09:38:54,4.98,-0.009999999999999787,150,74700.0,бТел
103,09:38:57,4.98,0.0,35,17430.0,бРел
104,09:39:06,4.98,0.0,10,4980.0,бРел
105,09:39:21,4.98,0.0,58,28884.0,бТел
106,09:39:30,4.98,0.0,20,9960.0,бРел
107,09:39:33,4.98,0.0,1,498.0,бРел
108,09:39:48,4.97,-0.010000000000000675,11,5467.0,бТел
109,09:39:51,4.98,0.010000000000000675,10,4980.0,бРел
110,09:39:54,4.97,-0.010000000000000675,226,112322.0,бТел
111,09:39:57,4.98,0.010000000000000675,1,498.0,бРел
112,09:40:09,4.97,-0.010000000000000675,1,497.0,бТел
113,09:40:12,4.98,0.010000000000000675,4,1992.0,бРел
114,09:40:33,4.97,-0.010000000000000675,18,8946.0,бТел
115,09:40:36,4.98,0.010000000000000675,9,4482.0,бРел
116,09:40:42,4.97,-0.010000000000000675,36,17899.0,бТел
117,09:40:45,4.97,0.0,79,39263.0,бТел
118,09:40:48,4.98,0.010000000000000675,30,14940.0,бРел
119,09:40:51,4.98,0.0,86,42750.0,бРел
120,09:40:57,4.97,-0.010000000000000675,7,3479.0,бТел
121,09:41:00,4.98,0.010000000000000675,18,8964.0,бРел
122,09:41:09,4.97,-0.010000000000000675,61,30317.0,бТел
123,09:41:12,4.97,0.0,6,2982.0,бРел
124,09:41:15,4.97,0.0,40,19880.0,бРел
125,09:41:27,4.96,-0.009999999999999787,15,7440.0,бТел
126,09:41:30,4.97,0.009999999999999787,2,994.0,бРел
127,09:41:42,4.96,-0.009999999999999787,22,10912.0,бТел
128,09:42:03,4.96,0.0,15,7445.0,бТел
129,09:42:27,4.96,0.0,100,49600.0,бТел
130,09:42:33,4.96,0.0,11,5456.0,бТел
131,09:43:09,4.96,0.0,46,22816.0,бТел
132,09:43:12,4.96,0.0,64,31744.0,бТел
133,09:43:36,4.97,0.009999999999999787,10,4970.0,бРел
134,09:43:45,4.96,-0.009999999999999787,26,12896.0,бТел
135,09:43:54,4.97,0.009999999999999787,102,50672.0,бРел
136,09:44:33,4.97,0.0,23,11431.0,бРел
137,09:44:39,4.96,-0.009999999999999787,40,19840.0,бТел
138,09:44:45,4.97,0.009999999999999787,44,21868.0,бРел
139,09:44:48,4.96,-0.009999999999999787,4,1984.0,бТел
140,09:44:51,4.97,0.009999999999999787,16,7952.0,бРел
141,09:44:54,4.96,-0.009999999999999787,10,4960.0,бТел
142,09:44:57,4.96,0.0,13,6451.0,бТел
143,09:45:00,4.96,0.0,70,34720.0,бТел
144,09:45:03,4.96,0.0,1,496.0,бРел
145,09:45:12,4.96,0.0,9,4464.0,бРел
146,09:45:36,4.96,0.0,30,14880.0,бРел
147,09:45:45,4.96,0.0,48,23796.0,бРел
148,09:45:54,4.95,-0.009999999999999787,42,20810.0,бТел
149,09:45:57,4.96,0.009999999999999787,48,23808.0,бРел
150,09:46:00,4.96,0.0,3,1488.0,бРел
151,09:46:15,4.95,-0.009999999999999787,100,49500.0,бТел
152,09:46:18,4.96,0.009999999999999787,19,9424.0,бРел
153,09:46:24,4.96,0.0,5,2480.0,бРел
154,09:46:27,4.96,0.0,15,7440.0,бРел
155,09:46:33,4.96,0.0,39,19344.0,бРел
156,09:46:39,4.96,0.0,22,10912.0,бРел
157,09:46:42,4.96,0.0,5,2480.0,бТел
158,09:46:57,4.97,0.009999999999999787,2,994.0,бРел
159,09:47:03,4.96,-0.009999999999999787,4,1984.0,бТел
160,09:47:57,4.96,0.0,39,19344.0,бТел
161,09:48:00,4.97,0.009999999999999787,2,994.0,бРел
162,09:48:09,4.97,0.0,15,7455.0,бРел
163,09:48:12,4.96,-0.009999999999999787,3,1488.0,бТел
164,09:48:27,4.97,0.009999999999999787,2,994.0,бРел
165,09:48:30,4.96,-0.009999999999999787,84,41664.0,бТел
166,09:48:45,4.96,0.0,1,496.0,бТел
167,09:49:00,4.96,0.0,60,29760.0,бТел
168,09:49:09,4.97,0.009999999999999787,63,31311.0,бРел
169,09:49:12,4.96,-0.009999999999999787,67,33232.0,бТел
170,09:49:24,4.96,0.0,68,33736.0,бТел
171,09:49:33,4.96,0.0,75,37200.0,бТел
172,09:49:42,4.96,0.0,80,39680.0,бТел
173,09:49:48,4.96,0.0,30,14880.0,бТел
174,09:49:57,4.96,0.0,23,11408.0,бТел
175,09:50:03,4.96,0.0,1,496.0,бРел
176,09:50:24,4.96,0.0,10,4960.0,бРел
177,09:50:33,4.95,-0.009999999999999787,14,6930.0,бТел
178,09:50:36,4.96,0.009999999999999787,2,992.0,бРел
179,09:50:48,4.96,0.0,8,3968.0,бРел
180,09:51:09,4.95,-0.009999999999999787,2,990.0,бТел
181,09:51:24,4.95,0.0,92,45540.0,бТел
182,09:51:33,4.95,0.0,11,5445.0,бТел
183,09:51:36,4.95,0.0,115,56925.0,бТел
184,09:51:39,4.95,0.0,90,44550.0,бТел
185,09:51:42,4.95,0.0,3,1485.0,бТел
186,09:51:48,4.95,0.0,167,82665.0,бТел
187,09:51:51,4.95,0.0,100,49500.0,бТел
188,09:51:54,4.95,0.0,27,13365.0,бТел
189,09:51:57,4.95,0.0,54,26730.0,бТел
190,09:52:06,4.95,0.0,1,495.0,бРел
191,09:52:09,4.95,0.0,50,24750.0,бРел
192,09:52:12,4.94,-0.009999999999999787,100,49400.0,бТел
193,09:52:24,4.94,0.0,1,494.0,бТел
194,09:52:27,4.95,0.009999999999999787,70,34588.0,бРел
195,09:52:30,4.94,-0.009999999999999787,45,22230.0,бТел
196,09:52:33,4.94,0.0,32,15808.0,бТел
197,09:52:36,4.94,0.0,10,4940.0,бТел
198,09:53:06,4.94,0.0,4,1976.0,бТел
199,09:53:12,4.94,0.0,40,19760.0,бТел
200,09:53:21,4.94,0.0,50,24700.0,бТел
201,09:53:33,4.94,0.0,340,167960.0,бТел
202,09:53:39,4.94,0.0,29,14326.0,бТел
203,09:53:42,4.94,0.0,86,42484.0,бТел
204,09:53:45,4.94,0.0,23,11362.0,бТел
205,09:53:48,4.94,0.0,264,130421.0,бТел
206,09:53:51,4.94,0.0,11,5434.0,бРел
207,09:53:57,4.94,0.0,10,4940.0,бРел
208,09:54:00,4.94,0.0,42,20748.0,бРел
209,09:54:03,4.94,0.0,90,44460.0,бРел
210,09:54:09,4.94,0.0,19,9386.0,бРел
211,09:54:15,4.94,0.0,35,17280.0,бРел
212,09:54:24,4.94,0.0,15,7408.0,бРел
213,09:54:30,4.94,0.0,80,39520.0,бРел
214,09:54:36,4.94,0.0,40,19760.0,бРел
215,09:54:39,4.94,0.0,56,27664.0,бРел
216,09:54:45,4.94,0.0,20,9880.0,бРел
217,09:54:48,4.93,-0.010000000000000675,10,4930.0,бТел
218,09:54:51,4.94,0.010000000000000675,223,110162.0,бРел
219,09:55:03,4.93,-0.010000000000000675,36,17773.0,бТел
220,09:55:06,4.94,0.010000000000000675,20,9880.0,бРел
221,09:55:09,4.94,0.0,278,137062.0,бРел
222,09:55:15,4.93,-0.010000000000000675,8,3944.0,бТел
223,09:55:18,4.94,0.010000000000000675,3,1482.0,бРел
224,09:55:24,4.93,-0.010000000000000675,65,32045.0,бТел
225,09:55:27,4.94,0.010000000000000675,14,6916.0,бРел
226,09:55:33,4.94,0.0,38,18772.0,бРел
227,09:55:36,4.94,0.0,22,10868.0,бРел
228,09:55:39,4.94,0.0,16,7904.0,бРел
229,09:55:42,4.94,0.0,223,110162.0,бРел
230,09:55:45,4.93,-0.010000000000000675,100,49350.0,бТел
231,09:55:54,4.95,0.020000000000000462,19,9378.0,бРел
232,09:56:03,4.95,0.0,50,24730.0,бРел
233,09:56:15,4.94,-0.009999999999999787,48,23712.0,бРел
234,09:56:24,4.95,0.009999999999999787,163,80532.0,бРел
235,09:56:27,4.94,-0.009999999999999787,30,14820.0,бТел
236,09:56:33,4.94,0.0,20,9880.0,бТел
237,09:56:42,4.94,0.0,68,33592.0,бТел
238,09:56:54,4.94,0.0,28,13832.0,бТел
239,09:57:15,4.94,0.0,82,40508.0,бТел
240,09:57:36,4.94,0.0,50,24710.0,бТел
241,09:57:42,4.94,0.0,200,98800.0,бТел
242,09:57:51,4.95,0.009999999999999787,20,9900.0,бРел
243,09:57:57,4.94,-0.009999999999999787,1,494.0,бТел
244,09:58:00,4.94,0.0,200,98800.0,бТел
245,09:58:06,4.94,0.0,5,2470.0,бТел
246,09:58:12,4.95,0.009999999999999787,2,990.0,бРел
247,09:58:18,4.95,0.0,9,4455.0,бРел
248,09:58:21,4.94,-0.009999999999999787,5,2470.0,бТел
249,09:58:33,4.94,0.0,112,55328.0,бТел
250,09:58:39,4.95,0.009999999999999787,115,56826.0,бРел
251,09:58:42,4.95,0.0,58,28710.0,бРел
252,09:58:45,4.95,0.0,10,4950.0,бРел
253,09:58:51,4.95,0.0,20,9900.0,бРел
254,09:58:57,4.94,-0.009999999999999787,4,1976.0,бТел
255,09:59:00,4.95,0.009999999999999787,10,4950.0,бРел
256,09:59:12,4.95,0.0,136,67234.0,бРел
257,09:59:21,4.95,0.0,10,4950.0,бРел
258,09:59:24,4.95,0.0,1,495.0,бРел
259,09:59:30,4.95,0.0,50,24750.0,бРел
260,09:59:36,4.94,-0.009999999999999787,20,9880.0,бТел
261,09:59:54,4.95,0.009999999999999787,6,2969.0,бРел
262,10:00:00,4.94,-0.009999999999999787,192,94850.0,бТел
263,10:00:06,4.95,0.009999999999999787,37,18315.0,бРел
264,10:00:09,4.95,0.0,8,3960.0,бРел
265,10:00:18,4.95,0.0,60,29700.0,бРел
266,10:00:24,4.95,0.0,52,25740.0,бРел
267,10:00:36,4.95,0.0,10,4950.0,жпптел
268,10:00:48,4.94,-0.009999999999999787,1,494.0,бТел
269,10:01:12,4.94,0.0,2,988.0,бТел
270,10:01:24,4.95,0.009999999999999787,17,8415.0,бРел
271,10:01:27,4.95,0.0,34,16830.0,бТел
272,10:01:42,4.95,0.0,31,15315.0,бРел
273,10:01:45,4.95,0.0,10,4950.0,бРел
274,10:01:57,4.95,0.0,3,1485.0,бРел
275,10:02:06,4.95,0.0,6,2970.0,бРел
276,10:02:09,4.95,0.0,83,41085.0,бРел
277,10:02:12,4.95,0.0,20,9900.0,бРел
278,10:02:15,4.95,0.0,111,54945.0,бРел
279,10:02:33,4.95,0.0,2,990.0,бТел
280,10:02:36,4.95,0.0,4,1980.0,бТел
281,10:02:48,4.95,0.0,146,72270.0,бТел
282,10:02:51,4.95,0.0,4,1980.0,бРел
283,10:03:06,4.96,0.009999999999999787,20,9920.0,бРел
284,10:03:12,4.95,-0.009999999999999787,62,30690.0,бТел
285,10:03:24,4.95,0.0,1,495.0,бТел
286,10:03:27,4.95,0.0,10,4950.0,бТел
287,10:03:36,4.96,0.009999999999999787,5,2480.0,бРел
288,10:03:39,4.95,-0.009999999999999787,10,4950.0,бТел
289,10:03:48,4.95,0.0,21,10395.0,бТел
290,10:04:03,4.95,0.0,400,198050.0,бТел
291,10:04:06,4.95,0.0,8,3960.0,бРел
292,10:04:12,4.95,0.0,10,4950.0,бРел
293,10:04:21,4.95,0.0,8,3960.0,бРел
294,10:04:24,4.95,0.0,11,5445.0,бРел
295,10:04:27,4.95,0.0,27,13365.0,бРел
296,10:04:30,4.95,0.0,12,5938.0,бРел
297,10:04:33,4.95,0.0,3,1485.0,бРел
298,10:04:39,4.95,0.0,3,1485.0,бРел
299,10:04:42,4.95,0.0,95,47025.0,бРел
300,10:05:09,4.95,0.0,13,6435.0,бТел
301,10:05:12,4.96,0.009999999999999787,7,3472.0,бРел
302,10:05:15,4.96,0.0,35,17360.0,бРел
303,10:05:18,4.96,0.0,241,119536.0,бРел
304,10:05:30,4.96,0.0,53,26288.0,бТел
305,10:05:45,4.97,0.009999999999999787,5,2485.0,бРел
306,10:05:51,4.97,0.0,90,44730.0,бРел
307,10:06:00,4.97,0.0,221,109837.0,бРел
308,10:06:03,4.98,0.010000000000000675,172,85656.0,бРел
309,10:06:12,4.99,0.009999999999999787,39,19461.0,бРел
310,10:06:21,4.99,0.0,20,9980.0,бРел
311,10:06:24,4.99,0.0,294,146705.0,бРел
312,10:06:30,5.0,0.009999999999999787,63,31490.0,бРел
313,10:06:33,5.0,0.0,66,33000.0,бРел
314,10:06:36,4.99,-0.009999999999999787,18,8982.0,бТел
315,10:06:42,5.0,0.009999999999999787,20,10000.0,бРел
316,10:06:45,5.0,0.0,10,5000.0,бРел
317,10:06:57,5.0,0.0,116,58000.0,бРел
318,10:07:00,4.99,-0.009999999999999787,22,10992.0,бТел
319,10:07:03,4.99,0.0,20,9980.0,бТел
320,10:07:09,5.0,0.009999999999999787,4,2000.0,бРел
321,10:07:12,4.99,-0.009999999999999787,110,54890.0,бТел
322,10:07:21,5.0,0.009999999999999787,38,19000.0,бРел
323,10:07:30,5.0,0.0,10,5000.0,бРел
324,10:07:36,5.0,0.0,4,2000.0,бРел
325,10:07:39,5.0,0.0,19,9500.0,бРел
326,10:07:45,5.0,0.0,101,50500.0,бРел
327,10:07:57,4.99,-0.009999999999999787,1,499.0,бТел
328,10:08:06,4.99,0.0,22,10980.0,бТел
329,10:08:09,4.99,0.0,11,5489.0,бТел
330,10:08:15,4.99,0.0,418,208582.0,бТел
331,10:08:18,4.99,0.0,48,23960.0,бТел
332,10:08:21,4.99,0.0,110,54890.0,бТел
333,10:08:27,4.99,0.0,208,103792.0,бТел
334,10:08:30,4.99,0.0,120,59910.0,бТел
335,10:08:33,4.99,0.0,59,29441.0,бТел
336,10:08:36,4.99,0.0,54,26946.0,бТел
337,10:08:54,4.98,-0.009999999999999787,67,33366.0,бТел
338,10:09:03,4.99,0.009999999999999787,4,1996.0,бРел
339,10:09:06,4.98,-0.009999999999999787,321,160119.0,бТел
340,10:09:12,4.98,0.0,4,1992.0,бТел
341,10:09:21,4.99,0.009999999999999787,10,4990.0,бРел
342,10:09:30,4.99,0.0,37,18463.0,бРел
343,10:09:36,4.98,-0.009999999999999787,120,59841.0,бТел
344,10:09:57,4.98,0.0,10,4980.0,бТел
345,10:10:00,4.98,0.0,31,15439.0,бТел
346,10:10:03,4.98,0.0,41,20418.0,бТел
347,10:10:42,4.99,0.009999999999999787,136,67864.0,бРел
348,10:10:45,4.99,0.0,10,4990.0,бРел
349,10:11:03,4.99,0.0,59,29392.0,бРел
350,10:11:18,4.99,0.0,33,16467.0,бРел
351,10:11:21,4.98,-0.009999999999999787,10,4980.0,бТел
352,10:11:54,4.98,0.0,20,9960.0,бТел
353,10:12:24,4.98,0.0,8,3984.0,бТел
354,10:12:30,4.98,0.0,11,5478.0,бТел
355,10:12:39,4.98,0.0,4,1992.0,бТел
356,10:12:45,4.98,0.0,80,39840.0,бТел
357,10:12:57,4.98,0.0,20,9960.0,бТел
358,10:13:15,4.98,0.0,50,24900.0,бТел
359,10:13:27,4.98,0.0,438,218124.0,бТел
360,10:13:39,4.98,0.0,6,2988.0,бТел
361,10:13:42,4.98,0.0,50,24900.0,бТел
362,10:13:54,4.98,0.0,50,24900.0,бТел
363,10:14:00,4.98,0.0,85,42330.0,бТел
364,10:14:12,4.98,0.0,1,498.0,бТел
365,10:14:18,4.98,0.0,100,49800.0,бТел
366,10:14:30,4.98,0.0,10,4980.0,бТел
367,10:14:33,4.99,0.009999999999999787,47,23453.0,бРел
368,10:14:36,4.98,-0.009999999999999787,100,49800.0,бТел
369,10:14:39,4.98,0.0,17,8466.0,бТел
370,10:14:54,4.98,0.0,10,4980.0,бТел
371,10:14:57,4.99,0.009999999999999787,20,9980.0,бРел
372,10:15:15,4.99,0.0,78,38922.0,бРел
373,10:15:21,4.98,-0.009999999999999787,5,2490.0,бТел
374,10:15:33,4.98,0.0,37,18426.0,бТел
375,10:15:36,4.97,-0.010000000000000675,71,35287.0,бТел
376,10:16:03,4.97,0.0,11,5467.0,бТел
377,10:16:27,4.98,0.010000000000000675,60,29880.0,бРел
378,10:16:36,4.98,0.0,46,22908.0,бРел
379,10:16:42,4.97,-0.010000000000000675,30,14910.0,бТел
380,10:17:03,4.97,0.0,53,26341.0,бТел
381,10:17:36,4.98,0.010000000000000675,2,996.0,бРел
382,10:18:09,4.98,0.0,2,996.0,бРел
383,10:18:15,4.98,0.0,5,2490.0,бРел
384,10:18:51,4.98,0.0,1,498.0,бРел
385,10:19:12,4.97,-0.010000000000000675,20,9940.0,бТел
386,10:19:15,4.97,0.0,44,21868.0,бТел
387,10:19:21,4.97,0.0,100,49700.0,бТел
388,10:19:45,4.97,0.0,10,4970.0,бТел
389,10:19:51,4.97,0.0,30,14910.0,бТел
390,10:19:54,4.98,0.010000000000000675,3,1494.0,бРел
391,10:20:27,4.97,-0.010000000000000675,114,56658.0,бТел
392,10:20:54,4.97,0.0,78,38766.0,бТел
393,10:21:06,4.97,0.0,58,28826.0,бТел
394,10:21:27,4.97,0.0,7,3479.0,бРел
395,10:21:30,4.96,-0.009999999999999787,44,21824.0,бТел
396,10:21:33,4.97,0.009999999999999787,1,497.0,бРел
397,10:21:39,4.96,-0.009999999999999787,20,9920.0,бТел
398,10:22:00,4.96,0.0,8,3968.0,бТел
399,10:22:09,4.96,0.0,51,25296.0,бТел
400,10:22:24,4.97,0.009999999999999787,2,994.0,бРел
401,10:23:06,4.96,-0.009999999999999787,130,64480.0,бТел
402,10:23:45,4.96,0.0,78,38688.0,бТел
403,10:23:48,4.96,0.0,20,9930.0,бТел
404,10:24:09,4.97,0.009999999999999787,3,1491.0,бРел
405,10:24:12,4.96,-0.009999999999999787,13,6448.0,бТел
406,10:24:24,4.97,0.009999999999999787,100,49700.0,бРел
407,10:24:30,4.96,-0.009999999999999787,20,9920.0,бТел
408,10:24:45,4.96,0.0,21,10416.0,бТел
409,10:24:57,4.97,0.009999999999999787,20,9940.0,бРел
410,10:25:00,4.97,0.0,10,4970.0,бРел
411,10:25:15,4.96,-0.009999999999999787,1,496.0,бТел
412,10:26:06,4.96,0.0,3,1488.0,бТел
413,10:26:09,4.96,0.0,5,2480.0,бТел
414,10:26:15,4.97,0.009999999999999787,66,32753.0,бРел
415,10:27:00,4.96,-0.009999999999999787,36,17856.0,бТел
416,10:27:03,4.97,0.009999999999999787,1,497.0,бРел
417,10:27:18,4.96,-0.009999999999999787,10,4960.0,бТел
418,10:27:24,4.96,0.0,19,9424.0,бТел
419,10:28:39,4.96,0.0,1,496.0,бТел
420,10:28:57,4.96,0.0,19,9424.0,бТел
421,10:29:24,4.96,0.0,135,66960.0,бТел
422,10:29:27,4.97,0.009999999999999787,29,14413.0,бРел
423,10:29:39,4.96,-0.009999999999999787,53,26288.0,бТел
424,10:30:21,4.97,0.009999999999999787,12,5964.0,бРел
425,10:30:36,4.97,0.0,200,99400.0,бРел
426,10:30:57,4.96,-0.009999999999999787,3,1488.0,бТел
427,10:31:06,4.96,0.0,6,2976.0,бТел
428,10:31:12,4.97,0.009999999999999787,8,3976.0,бРел
429,10:31:15,4.96,-0.009999999999999787,77,38192.0,бТел
430,10:31:21,4.96,0.0,20,9920.0,бТел
431,10:31:33,4.96,0.0,20,9920.0,бТел
432,10:31:36,4.97,0.009999999999999787,74,36778.0,бРел
433,10:31:39,4.97,0.0,120,59640.0,бРел
434,10:31:51,4.96,-0.009999999999999787,5,2480.0,бТел
435,10:31:57,4.97,0.009999999999999787,48,23856.0,бРел
436,10:32:03,4.97,0.0,20,9940.0,бРел
437,10:32:30,4.97,0.0,134,66598.0,бРел
438,10:32:33,4.97,0.0,100,49700.0,бРел
439,10:33:00,4.96,-0.009999999999999787,62,30752.0,бТел
440,10:33:09,4.96,0.0,13,6448.0,бТел
441,10:34:03,4.97,0.009999999999999787,2,994.0,бРел
442,10:34:12,4.96,-0.009999999999999787,1,496.0,бТел
443,10:34:33,4.97,0.009999999999999787,51,25347.0,бРел
444,10:34:48,4.97,0.0,2,994.0,бРел
445,10:35:00,4.96,-0.009999999999999787,10,4960.0,бТел
446,10:35:06,4.96,0.0,20,9920.0,бТел
447,10:35:15,4.97,0.009999999999999787,12,5964.0,бРел
448,10:36:06,4.97,0.0,4,1988.0,бРел
449,10:36:54,4.96,-0.009999999999999787,30,14880.0,бТел
450,10:37:03,4.97,0.009999999999999787,41,20377.0,бРел
451,10:37:15,4.96,-0.009999999999999787,526,260896.0,бТел
452,10:37:57,4.96,0.0,37,18352.0,бТел
453,10:38:00,4.96,0.0,3,1488.0,бРел
454,10:38:24,4.97,0.009999999999999787,46,22862.0,бРел
455,10:38:27,4.96,-0.009999999999999787,50,24800.0,бТел
456,10:38:57,4.97,0.009999999999999787,25,12425.0,бРел
457,10:39:21,4.97,0.0,14,6958.0,бРел
458,10:39:27,4.97,0.0,24,11928.0,бРел
459,10:39:33,4.97,0.0,1,497.0,бТел
460,10:39:36,4.97,0.0,5,2485.0,бРел
461,10:39:45,4.97,0.0,30,14910.0,бРел
462,10:39:48,4.97,0.0,10,4970.0,бРел
463,10:39:54,4.97,0.0,9,4473.0,бРел
464,10:40:12,4.96,-0.009999999999999787,10,4960.0,бТел
465,10:40:24,4.96,0.0,25,12420.0,бТел
466,10:40:27,4.97,0.009999999999999787,32,15904.0,бРел
467,10:40:30,4.97,0.0,12,5964.0,бРел
468,10:40:33,4.97,0.0,18,8946.0,бРел
469,10:40:36,4.97,0.0,8,3976.0,бРел
470,10:40:45,4.97,0.0,8,3976.0,бТел
471,10:41:12,4.97,0.0,19,9443.0,бТел
472,10:41:27,4.98,0.010000000000000675,50,24900.0,бРел
473,10:41:45,4.97,-0.010000000000000675,28,13916.0,бТел
474,10:42:21,4.97,0.0,30,14910.0,бТел
475,10:42:24,4.98,0.010000000000000675,190,94620.0,бРел
476,10:42:42,4.97,-0.010000000000000675,1,497.0,бТел
477,10:42:45,4.98,0.010000000000000675,10,4980.0,бРел
478,10:42:51,4.97,-0.010000000000000675,100,49700.0,бТел
479,10:44:03,4.97,0.0,5,2485.0,бТел
480,10:44:21,4.97,0.0,30,14910.0,бТел
481,10:44:36,4.97,0.0,1,497.0,бТел
482,10:44:48,4.97,0.0,105,52185.0,бТел
483,10:45:06,4.97,0.0,50,24850.0,бТел
484,10:45:54,4.97,0.0,15,7455.0,бТел
485,10:46:24,4.97,0.0,30,14910.0,бТел
486,10:46:45,4.97,0.0,104,51688.0,бТел
487,10:47:06,4.97,0.0,50,24850.0,бТел
488,10:47:54,4.97,0.0,46,22862.0,бТел
489,10:48:15,4.97,0.0,80,39760.0,бТел
490,10:48:18,4.97,0.0,94,46718.0,бТел
491,10:48:27,4.97,0.0,14,6958.0,бТел
492,10:48:36,4.97,0.0,28,13916.0,бТел
493,10:49:12,4.96,-0.009999999999999787,77,38192.0,бТел
494,10:49:15,4.97,0.009999999999999787,28,13916.0,бРел
495,10:49:30,4.97,0.0,7,3479.0,бРел
496,10:49:45,4.96,-0.009999999999999787,33,16368.0,бТел
497,10:49:48,4.97,0.009999999999999787,60,29820.0,бРел
498,10:49:57,4.97,0.0,150,74550.0,бРел
499,10:50:21,4.96,-0.009999999999999787,87,43192.0,бТел
500,10:50:24,4.97,0.009999999999999787,7,3479.0,бРел
501,10:50:36,4.97,0.0,46,22862.0,бРел
502,10:50:45,4.96,-0.009999999999999787,2,992.0,бТел
503,10:50:51,4.97,0.009999999999999787,101,50197.0,бРел
504,10:51:18,4.96,-0.009999999999999787,20,9920.0,бТел
505,10:51:54,4.96,0.0,5,2480.0,бТел
506,10:52:12,4.97,0.009999999999999787,7,3479.0,бРел
507,10:52:24,4.97,0.0,7,3479.0,бРел
508,10:52:30,4.97,0.0,6,2982.0,бРел
509,10:52:39,4.97,0.0,58,28826.0,бРел
510,10:52:42,4.97,0.0,300,149100.0,бРел
511,10:53:09,4.97,0.0,1,497.0,бРел
512,10:53:12,4.96,-0.009999999999999787,78,38765.0,бТел
513,10:53:33,4.97,0.009999999999999787,20,9940.0,бРел
514,10:53:57,4.96,-0.009999999999999787,83,41168.0,бТел
515,10:54:09,4.97,0.009999999999999787,1,497.0,бРел
516,10:54:12,4.97,0.0,346,171962.0,бРел
517,10:54:36,4.98,0.010000000000000675,10,4980.0,бРел
518,10:55:09,4.97,-0.010000000000000675,100,49700.0,бТел
519,10:55:36,4.97,0.0,4,1988.0,бТел
520,10:55:39,4.97,0.0,68,33796.0,бРел
521,10:55:57,4.97,0.0,55,27335.0,бРел
522,10:56:06,4.97,0.0,22,10934.0,бРел
523,10:56:18,4.97,0.0,30,14910.0,бРел
524,10:56:21,4.96,-0.009999999999999787,25,12400.0,бТел
525,10:56:42,4.96,0.0,26,12896.0,бТел
526,10:56:54,4.96,0.0,10,4960.0,бТел
527,10:57:03,4.97,0.009999999999999787,14,6958.0,бРел
528,10:57:18,4.97,0.0,7,3479.0,бРел
529,10:57:21,4.97,0.0,3,1491.0,бРел
530,10:58:48,4.96,-0.009999999999999787,67,33232.0,бТел
531,10:59:21,4.96,0.0,23,11408.0,бТел
532,10:59:24,4.96,0.0,20,9920.0,бТел
533,10:59:33,4.97,0.009999999999999787,20,9940.0,бРел
534,11:00:24,4.97,0.0,14,6958.0,бРел
535,11:00:42,4.97,0.0,44,21868.0,бРел
536,11:01:09,4.96,-0.009999999999999787,35,17360.0,бТел
537,11:01:21,4.97,0.009999999999999787,80,39760.0,бРел
538,11:02:03,4.96,-0.009999999999999787,303,150288.0,бТел
539,11:02:30,4.96,0.0,400,198400.0,бТел
540,11:02:36,4.96,0.0,100,49600.0,бТел
541,11:03:09,4.96,0.0,132,65472.0,бТел
542,11:03:45,4.96,0.0,8,3968.0,бТел
543,11:03:57,4.96,0.0,70,34720.0,бТел
544,11:04:09,4.96,0.0,2,992.0,бТел
545,11:04:24,4.96,0.0,502,248992.0,бТел
546,11:04:30,4.96,0.0,400,198400.0,бТел
547,11:04:33,4.96,0.0,10,4960.0,бТел
548,11:04:42,4.96,0.0,4,1984.0,бТел
549,11:04:54,4.96,0.0,248,123008.0,бТел
550,11:05:03,4.96,0.0,52,25792.0,бРел
551,11:05:33,4.96,0.0,56,27776.0,бРел
552,11:05:36,4.95,-0.009999999999999787,46,22814.0,бТел
553,11:05:57,4.96,0.009999999999999787,2,992.0,бРел
554,11:06:03,4.96,0.0,28,13888.0,бРел
555,11:06:09,4.96,0.0,60,29760.0,бРел
556,11:06:15,4.96,0.0,67,33232.0,бРел
557,11:06:18,4.96,0.0,24,11904.0,бТел
558,11:06:21,4.96,0.0,23,11408.0,бТел
559,11:06:42,4.96,0.0,15,7440.0,бТел
560,11:07:15,4.96,0.0,30,14880.0,бТел
561,11:07:24,4.96,0.0,12,5952.0,бТел
562,11:07:33,4.96,0.0,50,24800.0,бТел
563,11:08:09,4.96,0.0,9,4464.0,бТел
564,11:08:33,4.96,0.0,2,992.0,бТел
565,11:08:36,4.96,0.0,2,992.0,бТел
566,11:08:54,4.96,0.0,172,85312.0,бТел
567,11:09:00,4.96,0.0,89,44144.0,бТел
568,11:09:03,4.96,0.0,18,8928.0,бТел
569,11:10:09,4.96,0.0,10,4960.0,бТел
570,11:10:24,4.96,0.0,5,2480.0,бТел
571,11:11:06,4.96,0.0,52,25792.0,бТел
572,11:11:09,4.96,0.0,38,18848.0,бРел
573,11:11:15,4.97,0.009999999999999787,1,497.0,бРел
574,11:11:21,4.96,-0.009999999999999787,2,992.0,бТел
575,11:12:09,4.97,0.009999999999999787,1,497.0,бРел
576,11:12:18,4.96,-0.009999999999999787,5,2480.0,бТел
577,11:12:33,4.96,0.0,2,992.0,бТел
578,11:12:36,4.96,0.0,68,33728.0,бТел
579,11:12:42,4.96,0.0,50,24800.0,бТел
580,11:13:30,4.96,0.0,40,19840.0,бТел
581,11:13:42,4.96,0.0,3,1488.0,бТел
582,11:13:51,4.96,0.0,25,12400.0,бТел
583,11:14:03,4.97,0.009999999999999787,5,2485.0,бРел
584,11:14:15,4.97,0.0,5,2485.0,бРел
585,11:14:51,4.97,0.0,10,4970.0,бРел
586,11:15:24,4.96,-0.009999999999999787,16,7936.0,бТел
587,11:15:27,4.96,0.0,31,15396.0,бТел
588,11:15:51,4.96,0.0,2,992.0,бТел
589,11:15:54,4.96,0.0,12,5952.0,бТел
590,11:16:06,4.97,0.009999999999999787,2,994.0,бРел
591,11:16:42,4.96,-0.009999999999999787,18,8928.0,бТел
592,11:17:18,4.96,0.0,9,4464.0,бРел
593,11:18:09,4.96,0.0,1,496.0,бТел
594,11:18:15,4.97,0.009999999999999787,32,15892.0,бРел
595,11:18:30,4.96,-0.009999999999999787,18,8928.0,бТел
596,11:18:54,4.96,0.0,20,9920.0,бРел
597,11:18:57,4.96,0.0,10,4960.0,бРел
598,11:19:30,4.96,0.0,1,496.0,бРел
599,11:20:24,4.96,0.0,1,496.0,бРел
600,11:21:03,4.96,0.0,225,111377.0,бРел
601,11:22:00,4.96,0.0,47,23312.0,бРел
602,11:22:06,4.96,0.0,5,2480.0,бРел
603,11:22:09,4.96,0.0,5,2480.0,бРел
604,11:22:27,4.96,0.0,4,1984.0,бРел
605,11:22:39,4.96,0.0,2,992.0,бРел
606,11:22:48,4.96,0.0,30,14876.0,бРел
607,11:22:51,4.95,-0.009999999999999787,5,2475.0,бТел
608,11:23:00,4.96,0.009999999999999787,40,19840.0,бРел
609,11:23:03,4.96,0.0,1,496.0,бРел
610,11:23:12,4.96,0.0,17,8432.0,бРел
611,11:23:42,4.95,-0.009999999999999787,16,7920.0,бТел
612,11:23:54,4.96,0.009999999999999787,4,1984.0,бРел
613,11:24:57,4.96,0.0,10,4960.0,бРел
614,11:25:03,4.95,-0.009999999999999787,20,9900.0,бТел
615,11:25:27,4.95,0.0,452,223740.0,бТел
616,11:25:42,4.95,0.0,216,106920.0,бТел
617,11:25:57,4.95,0.0,20,9900.0,бТел
618,11:26:09,4.95,0.0,15,7425.0,бТел
619,11:26:18,4.96,0.009999999999999787,21,10416.0,бРел
620,11:26:51,4.96,0.0,27,13392.0,бРел
621,11:27:24,4.95,-0.009999999999999787,74,36630.0,бТел
622,11:27:36,4.95,0.0,30,14850.0,бТел
623,11:27:45,4.96,0.009999999999999787,51,25265.0,бРел
624,11:27:54,4.95,-0.009999999999999787,20,9900.0,бТел
625,11:28:18,4.95,0.0,19,9405.0,бТел
626,11:28:33,4.96,0.009999999999999787,1,496.0,бРел
627,11:28:54,4.95,-0.009999999999999787,20,9900.0,бТел
628,11:29:12,4.96,0.009999999999999787,20,9920.0,бРел
629,11:29:36,4.95,-0.009999999999999787,10,4950.0,бТел
630,11:29:42,4.95,0.0,4,1980.0,бТел
631,11:29:57,4.96,0.009999999999999787,20,9920.0,бРел
632,13:00:06,4.95,-0.009999999999999787,260,128886.0,бТел
633,13:00:09,4.96,0.009999999999999787,7,3472.0,бРел
634,13:00:57,4.95,-0.009999999999999787,10,4950.0,бТел
635,13:01:39,4.95,0.0,58,28710.0,бТел
636,13:01:51,4.95,0.0,100,49500.0,бТел
637,13:02:03,4.95,0.0,72,35640.0,бТел
638,13:02:06,4.95,0.0,95,47025.0,бТел
639,13:02:36,4.95,0.0,20,9900.0,бТел
640,13:03:09,4.95,0.0,100,49500.0,бТел
641,13:03:24,4.95,0.0,5,2475.0,бТел
642,13:03:30,4.95,0.0,15,7425.0,бТел
643,13:04:06,4.95,0.0,10,4950.0,бТел
644,13:04:54,4.95,0.0,73,36155.0,бТел
645,13:05:00,4.95,0.0,35,17325.0,бТел
646,13:05:12,4.95,0.0,254,125730.0,бТел
647,13:05:33,4.95,0.0,10,4950.0,бРел
648,13:05:39,4.95,0.0,5,2475.0,бТел
649,13:05:51,4.95,0.0,64,31680.0,бТел
650,13:06:09,4.96,0.009999999999999787,10,4960.0,бРел
651,13:06:18,4.95,-0.009999999999999787,20,9900.0,бТел
652,13:06:33,4.95,0.0,68,33660.0,бТел
653,13:06:54,4.95,0.0,126,62370.0,бТел
654,13:06:57,4.95,0.0,1,495.0,бРел
655,13:07:15,4.95,0.0,5,2475.0,бРел
656,13:07:24,4.94,-0.009999999999999787,52,25688.0,бТел
657,13:07:27,4.95,0.009999999999999787,17,8415.0,бРел
658,13:07:42,4.94,-0.009999999999999787,10,4940.0,бТел
659,13:08:03,4.95,0.009999999999999787,5,2475.0,бРел
660,13:08:15,4.94,-0.009999999999999787,4,1976.0,бТел
661,13:08:45,4.94,0.0,18,8892.0,бТел
662,13:09:15,4.94,0.0,30,14820.0,бТел
663,13:09:18,4.94,0.0,55,27170.0,бТел
664,13:09:39,4.95,0.009999999999999787,10,4950.0,бРел
665,13:09:42,4.94,-0.009999999999999787,10,4940.0,бТел
666,13:09:45,4.94,0.0,760,375440.0,бТел
667,13:09:51,4.94,0.0,39,19266.0,бТел
668,13:09:54,4.94,0.0,25,12350.0,бТел
669,13:10:09,4.94,0.0,20,9880.0,бТел
670,13:10:24,4.94,0.0,1,494.0,бТел
671,13:10:48,4.94,0.0,3,1482.0,бТел
672,13:11:27,4.94,0.0,16,7914.0,бТел
673,13:11:42,4.94,0.0,30,14820.0,бТел
674,13:11:57,4.94,0.0,50,24700.0,бТел
675,13:12:36,4.94,0.0,200,98800.0,бТел
676,13:12:54,4.95,0.009999999999999787,50,24740.0,бРел
677,13:13:15,4.94,-0.009999999999999787,30,14820.0,бТел
678,13:13:18,4.95,0.009999999999999787,10,4950.0,бРел
679,13:13:51,4.94,-0.009999999999999787,116,57304.0,бТел
680,13:14:09,4.94,0.0,50,24700.0,бТел
681,13:14:12,4.94,0.0,10,4940.0,бТел
682,13:14:21,4.94,0.0,20,9880.0,бТел
683,13:14:30,4.94,0.0,200,98800.0,бТел
684,13:14:33,4.94,0.0,50,24700.0,бТел
685,13:14:36,4.94,0.0,21,10374.0,бТел
686,13:14:39,4.94,0.0,28,13832.0,бТел
687,13:14:42,4.94,0.0,67,33098.0,бТел
688,13:14:51,4.95,0.009999999999999787,346,171270.0,бРел
689,13:14:57,4.94,-0.009999999999999787,40,19760.0,бТел
690,13:15:06,4.94,0.0,158,78052.0,бТел
691,13:15:09,4.94,0.0,6,2964.0,бРел
692,13:15:12,4.93,-0.010000000000000675,8,3945.0,бТел
693,13:15:18,4.94,0.010000000000000675,15,7410.0,бРел
694,13:15:21,4.93,-0.010000000000000675,3,1479.0,бТел
695,13:15:24,4.93,0.0,3,1479.0,бТел
696,13:15:30,4.93,0.0,20,9860.0,бТел
697,13:15:36,4.93,0.0,94,46342.0,бТел
698,13:15:39,4.93,0.0,50,24650.0,бТел
699,13:15:45,4.93,0.0,22,10846.0,бТел
700,13:15:51,4.93,0.0,30,14790.0,бТел
701,13:15:57,4.93,0.0,6,2958.0,бТел
702,13:16:00,4.94,0.010000000000000675,23,11359.0,бРел
703,13:16:21,4.94,0.0,24,11852.0,бРел
704,13:16:30,4.93,-0.010000000000000675,19,9367.0,бТел
705,13:16:36,4.94,0.010000000000000675,20,9880.0,бРел
706,13:16:39,4.93,-0.010000000000000675,2,986.0,бТел
707,13:16:42,4.93,0.0,1,493.0,бТел
708,13:16:57,4.93,0.0,1,493.0,бТел
709,13:17:00,4.94,0.010000000000000675,352,173547.0,бРел
710,13:17:03,4.94,0.0,3,1482.0,бРел
711,13:17:12,4.94,0.0,10,4940.0,бРел
712,13:17:24,4.94,0.0,20,9880.0,бРел
713,13:17:33,4.94,0.0,10,4940.0,бРел
714,13:17:36,4.94,0.0,40,19760.0,бРел
715,13:17:48,4.94,0.0,15,7405.0,бРел
716,13:18:06,4.93,-0.010000000000000675,39,19227.0,бТел
717,13:18:30,4.93,0.0,40,19720.0,бТел
718,13:18:36,4.94,0.010000000000000675,10,4940.0,бРел
719,13:18:39,4.93,-0.010000000000000675,155,76415.0,бТел
720,13:18:45,4.93,0.0,20,9860.0,бТел
721,13:18:48,4.93,0.0,1040,512720.0,бТел
722,13:18:54,4.93,0.0,20,9860.0,бТел
723,13:18:57,4.93,0.0,47,23171.0,бТел
724,13:19:03,4.94,0.010000000000000675,80,39487.0,бРел
725,13:19:09,4.92,-0.020000000000000462,20,9840.0,бТел
726,13:19:12,4.92,0.0,13,6396.0,бТел
727,13:19:18,4.92,0.0,2,984.0,бТел
728,13:19:24,4.93,0.009999999999999787,50,24650.0,бРел
729,13:19:27,4.92,-0.009999999999999787,153,75276.0,бТел
730,13:19:36,4.93,0.009999999999999787,38,18701.0,бРел
731,13:19:39,4.92,-0.009999999999999787,200,98400.0,бТел
732,13:19:42,4.92,0.0,2,984.0,бТел
733,13:19:45,4.93,0.009999999999999787,20,9860.0,бРел
734,13:19:48,4.93,0.0,4,1972.0,бРел
735,13:19:54,4.92,-0.009999999999999787,7,3444.0,бТел
736,13:19:57,4.92,0.0,14,6888.0,бТел
737,13:20:03,4.93,0.009999999999999787,14,6902.0,бРел
738,13:20:06,4.92,-0.009999999999999787,68,33456.0,бТел
739,13:20:09,4.92,0.0,115,56580.0,бТел
740,13:20:12,4.93,0.009999999999999787,4,1972.0,бРел
741,13:20:27,4.93,0.0,20,9860.0,бРел
742,13:20:36,4.92,-0.009999999999999787,12,5906.0,бТел
743,13:20:39,4.93,0.009999999999999787,3,1479.0,бРел
744,13:20:45,4.92,-0.009999999999999787,16,7878.0,бТел
745,13:20:51,4.92,0.0,40,19680.0,бТел
746,13:20:54,4.93,0.009999999999999787,9,4429.0,бРел
747,13:21:09,4.93,0.0,5,2465.0,бРел
748,13:21:15,4.92,-0.009999999999999787,6,2952.0,бТел
749,13:21:30,4.92,0.0,87,42867.0,бТел
750,13:21:33,4.92,0.0,36,17744.0,бТел
751,13:21:36,4.92,0.0,36,17712.0,бТел
752,13:21:42,4.92,0.0,2,984.0,бТел
753,13:21:45,4.93,0.009999999999999787,40,19700.0,бРел
754,13:22:00,4.92,-0.009999999999999787,180,88560.0,бТел
755,13:22:03,4.92,0.0,126,62013.0,бТел
756,13:22:09,4.92,0.0,27,13284.0,бТел
757,13:22:15,4.93,0.009999999999999787,15,7395.0,бРел
758,13:22:18,4.93,0.0,46,22678.0,бРел
759,13:22:24,4.92,-0.009999999999999787,5,2460.0,бТел
760,13:22:57,4.92,0.0,10,4920.0,бТел
761,13:23:00,4.93,0.009999999999999787,13,6409.0,бРел
762,13:23:03,4.92,-0.009999999999999787,180,88560.0,бТел
763,13:23:18,4.92,0.0,50,24600.0,бТел
764,13:23:21,4.92,0.0,188,92496.0,бТел
765,13:23:24,4.92,0.0,50,24600.0,бТел
766,13:23:33,4.92,0.0,25,12300.0,бТел
767,13:23:36,4.92,0.0,49,24108.0,бТел
768,13:23:39,4.92,0.0,114,56088.0,бТел
769,13:23:42,4.92,0.0,12,5904.0,бТел
770,13:23:54,4.92,0.0,148,72816.0,бТел
771,13:23:57,4.92,0.0,65,31980.0,бТел
772,13:24:00,4.93,0.009999999999999787,34,16732.0,бРел
773,13:24:12,4.92,-0.009999999999999787,50,24600.0,бТел
774,13:24:15,4.92,0.0,24,11808.0,бТел
775,13:24:21,4.92,0.0,5,2460.0,бТел
776,13:24:27,4.92,0.0,6,2952.0,бТел
777,13:24:42,4.93,0.009999999999999787,18,8874.0,бРел
778,13:24:45,4.92,-0.009999999999999787,3,1476.0,бТел
779,13:24:54,4.92,0.0,49,24108.0,бТел
780,13:25:00,4.92,0.0,108,53136.0,бТел
781,13:25:09,4.92,0.0,334,164328.0,бТел
782,13:25:12,4.92,0.0,200,98400.0,бТел
783,13:25:15,4.92,0.0,20,9840.0,бТел
784,13:25:24,4.92,0.0,132,64944.0,бТел
785,13:25:27,4.92,0.0,10,4920.0,бРел
786,13:25:33,4.92,0.0,10,4920.0,бРел
787,13:25:45,4.92,0.0,10,4920.0,бРел
788,13:25:54,4.92,0.0,15,7380.0,бРел
789,13:25:57,4.91,-0.009999999999999787,42,20622.0,бТел
790,13:26:06,4.91,0.0,710,348610.0,бТел
791,13:26:09,4.91,0.0,87,42717.0,бТел
792,13:26:15,4.91,0.0,148,72668.0,бТел
793,13:26:18,4.91,0.0,32,15712.0,бТел
794,13:26:33,4.91,0.0,21,10311.0,бТел
795,13:26:42,4.92,0.009999999999999787,16,7872.0,бРел
796,13:27:18,4.91,-0.009999999999999787,89,43699.0,бТел
797,13:27:33,4.91,0.0,427,209657.0,бТел
798,13:27:36,4.92,0.009999999999999787,96,47232.0,бРел
799,13:27:54,4.91,-0.009999999999999787,72,35353.0,бТел
800,13:27:57,4.92,0.009999999999999787,8,3936.0,бРел
801,13:28:00,4.91,-0.009999999999999787,40,19640.0,бТел
802,13:28:06,4.91,0.0,214,105074.0,бТел
803,13:28:09,4.92,0.009999999999999787,3,1476.0,бРел
804,13:28:12,4.91,-0.009999999999999787,3,1473.0,бТел
805,13:28:21,4.91,0.0,2,982.0,бТел
806,13:28:27,4.91,0.0,10,4910.0,бТел
807,13:28:33,4.91,0.0,73,35843.0,бТел
808,13:28:36,4.91,0.0,118,57938.0,бТел
809,13:28:39,4.91,0.0,33,16203.0,бТел
810,13:28:54,4.91,0.0,20,9820.0,бРел
811,13:28:57,4.9,-0.009999999999999787,328,160735.0,бТел
812,13:29:00,4.91,0.009999999999999787,48,23568.0,бРел
813,13:29:06,4.9,-0.009999999999999787,14,6860.0,бТел
814,13:29:15,4.91,0.009999999999999787,6,2946.0,бРел
815,13:29:21,4.9,-0.009999999999999787,210,102910.0,бТел
816,13:29:33,4.91,0.009999999999999787,60,29460.0,бРел
817,13:29:42,4.9,-0.009999999999999787,6,2940.0,бТел
818,13:29:48,4.9,0.0,383,187670.0,бТел
819,13:29:57,4.9,0.0,1000,490000.0,бТел
820,13:30:00,4.9,0.0,323,158270.0,бТел
821,13:30:03,4.9,0.0,17,8330.0,бРел
822,13:30:06,4.89,-0.010000000000000675,50,24450.0,бТел
823,13:30:09,4.89,0.0,236,115407.0,бТел
824,13:30:12,4.9,0.010000000000000675,39,19101.0,бРел
825,13:30:15,4.89,-0.010000000000000675,58,28362.0,бТел
826,13:30:18,4.89,0.0,16,7824.0,бТел
827,13:30:21,4.89,0.0,10,4890.0,бТел
828,13:30:24,4.89,0.0,49,23961.0,бТел
829,13:30:27,4.89,0.0,93,45477.0,бТел
830,13:30:42,4.89,0.0,147,71746.0,бРел
831,13:30:45,4.88,-0.009999999999999787,362,176656.0,бТел
832,13:30:51,4.88,0.0,212,103456.0,бТел
833,13:30:54,4.88,0.0,93,45322.0,бРел
834,13:30:57,4.88,0.0,2,976.0,бРел
835,13:31:00,4.88,0.0,101,49277.0,бРел
836,13:31:03,4.87,-0.009999999999999787,28,13646.0,бТел
837,13:31:06,4.87,0.0,1013,493792.0,бТел
838,13:31:12,4.89,0.019999999999999574,39,19066.0,бРел
839,13:31:15,4.89,0.0,540,263915.0,бРел
840,13:31:21,4.88,-0.009999999999999787,100,48809.0,бТел
841,13:31:24,4.89,0.009999999999999787,228,111392.0,жпптел
842,13:31:30,4.89,0.0,10,4890.0,бТел
843,13:31:39,4.92,0.03000000000000025,1979,970697.0,бРел
844,13:31:45,4.93,0.009999999999999787,2,986.0,бРел
845,13:31:51,4.93,0.0,14,6897.0,бРел
846,13:32:00,4.93,0.0,14,6902.0,бРел
847,13:32:06,4.92,-0.009999999999999787,7,3444.0,бТел
848,13:32:09,4.92,0.0,52,25584.0,бТел
849,13:32:12,4.92,0.0,81,39852.0,бТел
850,13:32:15,4.92,0.0,50,24600.0,бРел
851,13:32:36,4.92,0.0,16,7872.0,бРел
852,13:32:42,4.91,-0.009999999999999787,10,4910.0,бТел
853,13:32:54,4.92,0.009999999999999787,1,492.0,бРел
854,13:32:57,4.91,-0.009999999999999787,3,1473.0,бТел
855,13:33:03,4.92,0.009999999999999787,200,98400.0,бРел
856,13:33:09,4.92,0.0,13,6396.0,бРел
857,13:33:18,4.92,0.0,109,53628.0,бРел
858,13:33:21,4.92,0.0,32,15744.0,бРел
859,13:33:36,4.93,0.009999999999999787,5,2465.0,бРел
860,13:33:51,4.93,0.0,8,3944.0,бРел
861,13:34:03,4.92,-0.009999999999999787,5,2460.0,бТел
862,13:34:06,4.93,0.009999999999999787,84,41412.0,бРел
863,13:34:09,4.93,0.0,10,4930.0,бРел
864,13:34:21,4.93,0.0,9,4437.0,бРел
865,13:34:27,4.93,0.0,3,1479.0,бРел
866,13:34:30,4.93,0.0,8,3944.0,бРел
867,13:34:36,4.93,0.0,140,69020.0,бРел
868,13:34:42,4.93,0.0,56,27608.0,бРел
869,13:34:51,4.93,0.0,97,47821.0,бРел
870,13:35:18,4.93,0.0,5,2465.0,бРел
871,13:35:21,4.92,-0.009999999999999787,15,7380.0,бТел
872,13:35:30,4.92,0.0,2,984.0,бТел
873,13:35:33,4.93,0.009999999999999787,3,1479.0,бРел
874,13:35:51,4.92,-0.009999999999999787,1,492.0,бТел
875,13:35:54,4.93,0.009999999999999787,20,9860.0,бРел
876,13:36:03,4.92,-0.009999999999999787,50,24600.0,бТел
877,13:36:06,4.93,0.009999999999999787,3,1479.0,бРел
878,13:36:09,4.92,-0.009999999999999787,2,984.0,бТел
879,13:36:30,4.93,0.009999999999999787,24,11832.0,бРел
880,13:36:54,4.93,0.0,40,19720.0,бРел
881,13:37:09,4.92,-0.009999999999999787,250,123000.0,бТел
882,13:37:30,4.91,-0.009999999999999787,5,2455.0,бТел
883,13:37:33,4.91,0.0,622,306007.0,бТел
884,13:37:36,4.93,0.019999999999999574,6,2958.0,бРел
885,13:37:45,4.91,-0.019999999999999574,2,982.0,бТел
886,13:38:06,4.93,0.019999999999999574,5,2465.0,бРел
887,13:38:09,4.93,0.0,2,986.0,бРел
888,13:38:21,4.91,-0.019999999999999574,25,12275.0,бТел
889,13:38:51,4.91,0.0,8,3928.0,бТел
890,13:38:54,4.91,0.0,10,4910.0,бТел
891,13:38:57,4.91,0.0,45,22095.0,бТел
892,13:39:06,4.91,0.0,10,4910.0,бТел
893,13:39:15,4.93,0.019999999999999574,2,986.0,бРел
894,13:39:24,4.93,0.0,2,986.0,бРел
895,13:40:27,4.92,-0.009999999999999787,3,1476.0,бТел
896,13:40:45,4.93,0.009999999999999787,95,46835.0,бРел
897,13:41:03,4.92,-0.009999999999999787,33,16236.0,бТел
898,13:41:09,4.92,0.0,3,1476.0,бТел
899,13:41:12,4.92,0.0,17,8364.0,бРел
900,13:41:45,4.92,0.0,70,34440.0,бТел
901,13:42:48,4.92,0.0,10,4920.0,бТел
902,13:43:03,4.92,0.0,6,2952.0,бТел
903,13:43:30,4.92,0.0,11,5412.0,бТел
904,13:43:45,4.92,0.0,55,27060.0,бТел
905,13:43:48,4.93,0.009999999999999787,24,11832.0,бРел
906,13:43:54,4.92,-0.009999999999999787,102,50184.0,бТел
907,13:43:57,4.92,0.0,39,19188.0,бРел
908,13:44:00,4.92,0.0,20,9840.0,бРел
909,13:44:03,4.92,0.0,13,6396.0,бРел
910,13:44:06,4.92,0.0,58,28536.0,бРел
911,13:44:09,4.92,0.0,12,5904.0,бРел
912,13:44:12,4.91,-0.009999999999999787,45,22132.0,бТел
913,13:44:15,4.92,0.009999999999999787,20,9840.0,бРел
914,13:44:18,4.92,0.0,21,10332.0,бРел
915,13:44:21,4.92,0.0,194,95448.0,бРел
916,13:44:30,4.92,0.0,5,2460.0,бТел
917,13:44:36,4.92,0.0,35,17220.0,бТел
918,13:44:42,4.92,0.0,41,20172.0,бТел
919,13:45:24,4.92,0.0,46,22632.0,бТел
920,13:45:36,4.93,0.009999999999999787,31,15283.0,бРел
921,13:45:57,4.93,0.0,62,30566.0,бРел
922,13:46:03,4.93,0.0,9,4437.0,бРел
923,13:46:09,4.93,0.0,37,18241.0,бРел
924,13:46:18,4.93,0.0,71,34933.0,бРел
925,13:46:21,4.93,0.0,3,1479.0,бРел
926,13:46:39,4.92,-0.009999999999999787,35,17240.0,бТел
927,13:47:15,4.92,0.0,20,9840.0,бТел
928,13:47:27,4.92,0.0,5,2460.0,бТел
929,13:47:30,4.93,0.009999999999999787,10,4930.0,бРел
930,13:47:42,4.92,-0.009999999999999787,47,23124.0,бТел
931,13:48:06,4.92,0.0,44,21648.0,бТел
932,13:48:48,4.92,0.0,10,4920.0,бТел
933,13:48:54,4.92,0.0,31,15252.0,бТел
934,13:49:06,4.93,0.009999999999999787,17,8381.0,бРел
935,13:49:09,4.92,-0.009999999999999787,9,4428.0,бТел
936,13:49:33,4.93,0.009999999999999787,15,7395.0,бРел
937,13:49:36,4.92,-0.009999999999999787,16,7872.0,бТел
938,13:50:00,4.93,0.009999999999999787,1,493.0,бРел
939,13:50:03,4.92,-0.009999999999999787,310,152520.0,бТел
940,13:50:21,4.92,0.0,25,12300.0,бТел
941,13:50:24,4.92,0.0,17,8364.0,бТел
942,13:50:27,4.92,0.0,214,105288.0,бТел
943,13:50:48,4.91,-0.009999999999999787,3,1473.0,бТел
944,13:51:06,4.91,0.0,10,4910.0,бТел
945,13:51:27,4.91,0.0,55,27005.0,бТел
946,13:51:33,4.91,0.0,153,75123.0,бТел
947,13:51:39,4.91,0.0,30,14730.0,бТел
948,13:51:48,4.91,0.0,84,41244.0,бТел
949,13:52:12,4.91,0.0,36,17676.0,бРел
950,13:52:15,4.91,0.0,88,43208.0,бРел
951,13:52:24,4.91,0.0,4,1964.0,бТел
952,13:52:30,4.91,0.0,3,1473.0,бТел
953,13:52:33,4.91,0.0,5,2455.0,бТел
954,13:53:12,4.9,-0.009999999999999787,52,25480.0,бТел
955,13:53:21,4.91,0.009999999999999787,5,2455.0,бРел
956,13:53:39,4.91,0.0,20,9820.0,бРел
957,13:53:51,4.9,-0.009999999999999787,45,22050.0,бТел
958,13:54:06,4.9,0.0,10,4900.0,бТел
959,13:54:15,4.9,0.0,8,3920.0,бТел
960,13:54:18,4.91,0.009999999999999787,19,9329.0,бРел
961,13:54:24,4.9,-0.009999999999999787,30,14700.0,бТел
962,13:54:27,4.91,0.009999999999999787,1,491.0,бРел
963,13:54:30,4.9,-0.009999999999999787,10,4900.0,бТел
964,13:54:42,4.91,0.009999999999999787,6,2946.0,бРел
965,13:54:45,4.9,-0.009999999999999787,15,7350.0,бТел
966,13:54:48,4.91,0.009999999999999787,8,3928.0,бРел
967,13:54:51,4.91,0.0,19,9329.0,бРел
968,13:54:57,4.91,0.0,50,24550.0,бРел
969,13:55:00,4.9,-0.009999999999999787,1,490.0,бТел
970,13:55:15,4.9,0.0,10,4900.0,бТел
971,13:55:24,4.91,0.009999999999999787,66,32406.0,бРел
972,13:55:27,4.91,0.0,162,79542.0,бРел
973,13:55:30,4.91,0.0,44,21604.0,бРел
974,13:55:33,4.91,0.0,20,9820.0,бРел
975,13:55:57,4.91,0.0,50,24550.0,бРел
976,13:56:00,4.9,-0.009999999999999787,4,1960.0,бТел
977,13:56:03,4.91,0.009999999999999787,68,33388.0,бРел
978,13:56:18,4.91,0.0,12,5892.0,бРел
979,13:56:30,4.91,0.0,40,19640.0,бРел
980,13:56:36,4.91,0.0,3,1473.0,бРел
981,13:56:39,4.9,-0.009999999999999787,180,88379.0,бТел
982,13:56:45,4.91,0.009999999999999787,7,3436.0,бРел
983,13:56:48,4.91,0.0,80,39280.0,бРел
984,13:56:54,4.91,0.0,9,4419.0,бРел
985,13:57:00,4.91,0.0,5,2455.0,бРел
986,13:57:03,4.91,0.0,50,24550.0,бРел
987,13:57:06,4.91,0.0,573,281323.0,бРел
988,13:57:12,4.92,0.009999999999999787,17,8364.0,бРел
989,13:57:15,4.92,0.0,7,3444.0,бРел
990,13:57:36,4.91,-0.009999999999999787,7,3437.0,бТел
991,13:57:45,4.92,0.009999999999999787,17,8364.0,бРел
992,13:57:54,4.92,0.0,40,19680.0,бРел
993,13:57:57,4.92,0.0,50,24600.0,бРел
994,13:58:03,4.92,0.0,10,4920.0,бРел
995,13:58:12,4.92,0.0,163,80196.0,бРел
996,13:58:18,4.92,0.0,20,9840.0,бРел
997,13:58:24,4.92,0.0,2,984.0,бРел
998,13:58:27,4.91,-0.009999999999999787,10,4910.0,бТел
999,13:58:30,4.92,0.009999999999999787,30,14760.0,бРел
1000,13:58:33,4.92,0.0,13,6396.0,бРел
1001,13:58:39,4.92,0.0,1,492.0,бРел
1002,13:58:42,4.91,-0.009999999999999787,22,10802.0,бТел
1003,13:59:00,4.92,0.009999999999999787,100,49200.0,бРел
1004,13:59:12,4.92,0.0,222,109224.0,бРел
1005,13:59:18,4.92,0.0,83,40836.0,бТел
1006,13:59:27,4.92,0.0,27,13284.0,бТел
1007,13:59:45,4.92,0.0,160,78720.0,бТел
1008,13:59:48,4.92,0.0,10,4920.0,бРел
1009,13:59:51,4.92,0.0,15,7380.0,бРел
1010,13:59:54,4.92,0.0,64,31427.0,бРел
1011,14:00:03,4.92,0.0,90,44280.0,бРел
1012,14:00:06,4.92,0.0,5,2460.0,бРел
1013,14:00:09,4.92,0.0,130,63930.0,бРел
1014,14:00:30,4.92,0.0,617,303564.0,бРел
1015,14:00:33,4.92,0.0,17,8364.0,бТел
1016,14:00:45,4.93,0.009999999999999787,2,986.0,бРел
1017,14:00:51,4.92,-0.009999999999999787,20,9840.0,бТел
1018,14:01:03,4.93,0.009999999999999787,50,24650.0,бРел
1019,14:01:06,4.93,0.0,504,248472.0,бРел
1020,14:01:09,4.93,0.0,43,21199.0,бРел
1021,14:01:18,4.93,0.0,251,123743.0,бРел
1022,14:02:33,4.93,0.0,80,39440.0,бТел
1023,14:02:54,4.93,0.0,4,1972.0,бРел
1024,14:03:03,4.93,0.0,4,1972.0,бРел
1025,14:03:06,4.93,0.0,11,5423.0,бРел
1026,14:03:09,4.92,-0.009999999999999787,10,4920.0,бТел
1027,14:03:21,4.93,0.009999999999999787,7,3451.0,бРел
1028,14:03:30,4.92,-0.009999999999999787,200,98400.0,бТел
1029,14:03:39,4.93,0.009999999999999787,42,20694.0,бРел
1030,14:03:42,4.93,0.0,1,493.0,бРел
1031,14:03:45,4.93,0.0,1,493.0,бРел
1032,14:04:18,4.93,0.0,7,3451.0,бРел
1033,14:04:39,4.93,0.0,80,39390.0,бРел
1034,14:04:42,4.93,0.0,10,4930.0,бРел
1035,14:05:09,4.93,0.0,5,2465.0,бРел
1036,14:05:12,4.92,-0.009999999999999787,100,49200.0,бТел
1037,14:05:45,4.92,0.0,21,10332.0,бТел
1038,14:06:12,4.92,0.0,413,203196.0,бТел
1039,14:06:18,4.92,0.0,216,106272.0,бТел
1040,14:06:21,4.92,0.0,57,28044.0,бРел
1041,14:06:30,4.92,0.0,206,101352.0,бРел
1042,14:06:39,4.92,0.0,43,21156.0,бРел
1043,14:06:45,4.92,0.0,31,15252.0,бТел
1044,14:06:54,4.92,0.0,18,8856.0,бТел
1045,14:07:18,4.92,0.0,2,984.0,бРел
1046,14:07:33,4.92,0.0,50,24600.0,бТел
1047,14:07:45,4.92,0.0,2,984.0,бТел
1048,14:07:51,4.92,0.0,37,18204.0,бТел
1049,14:08:27,4.92,0.0,95,46740.0,бТел
1050,14:08:42,4.92,0.0,20,9840.0,бТел
1051,14:08:45,4.93,0.009999999999999787,18,8874.0,бРел
1052,14:08:48,4.92,-0.009999999999999787,14,6888.0,бТел
1053,14:09:54,4.93,0.009999999999999787,25,12325.0,бРел
1054,14:10:00,4.92,-0.009999999999999787,4,1968.0,бТел
1055,14:10:09,4.93,0.009999999999999787,1,493.0,бРел
1056,14:10:18,4.92,-0.009999999999999787,126,61992.0,бТел
1057,14:10:57,4.92,0.0,10,4920.0,бТел
1058,14:11:00,4.92,0.0,25,12300.0,бТел
1059,14:11:09,4.92,0.0,129,63470.0,бТел
1060,14:11:12,4.92,0.0,38,18696.0,бРел
1061,14:11:48,4.91,-0.009999999999999787,10,4910.0,бТел
1062,14:12:00,4.91,0.0,1500,736500.0,бТел
1063,14:12:03,4.91,0.0,49,24059.0,бТел
1064,14:12:06,4.91,0.0,8,3928.0,бТел
1065,14:12:09,4.91,0.0,10,4910.0,бРел
1066,14:12:21,4.91,0.0,20,9820.0,бРел
1067,14:12:30,4.91,0.0,4,1964.0,бРел
1068,14:12:33,4.9,-0.009999999999999787,60,29400.0,бТел
1069,14:12:39,4.91,0.009999999999999787,20,9820.0,бРел
1070,14:12:54,4.91,0.0,29,14239.0,бРел
1071,14:12:57,4.9,-0.009999999999999787,130,63700.0,бТел
1072,14:13:06,4.9,0.0,2,980.0,бТел
1073,14:13:12,4.91,0.009999999999999787,51,25041.0,бРел
1074,14:13:27,4.9,-0.009999999999999787,72,35280.0,бТел
1075,14:13:36,4.9,0.0,170,83300.0,бТел
1076,14:13:54,4.91,0.009999999999999787,20,9820.0,бРел
1077,14:14:03,4.9,-0.009999999999999787,3,1470.0,бТел
1078,14:14:15,4.91,0.009999999999999787,61,29951.0,бРел
1079,14:14:18,4.91,0.0,611,300001.0,бРел
1080,14:14:21,4.91,0.0,23,11293.0,бРел
1081,14:14:27,4.91,0.0,1,491.0,бРел
1082,14:14:51,4.91,0.0,2,982.0,бРел
1083,14:14:57,4.9,-0.009999999999999787,111,54435.0,бТел
1084,14:15:12,4.91,0.009999999999999787,40,19640.0,бРел
1085,14:15:42,4.91,0.0,28,13748.0,бРел
1086,14:15:48,4.91,0.0,110,54000.0,бРел
1087,14:15:51,4.91,0.0,56,27496.0,бРел
1088,14:15:54,4.91,0.0,20,9820.0,бРел
1089,14:15:57,4.91,0.0,276,135511.0,бРел
1090,14:16:12,4.91,0.0,10,4910.0,бТел
1091,14:16:21,4.92,0.009999999999999787,300,147600.0,бРел
1092,14:16:27,4.92,0.0,2,984.0,бРел
1093,14:16:39,4.92,0.0,100,49200.0,бРел
1094,14:16:48,4.92,0.0,11,5412.0,бРел
1095,14:16:57,4.92,0.0,2,984.0,бРел
1096,14:17:06,4.91,-0.009999999999999787,6,2946.0,бТел
1097,14:17:09,4.91,0.0,9,4419.0,бТел
1098,14:17:21,4.92,0.009999999999999787,81,39852.0,бРел
1099,14:17:30,4.91,-0.009999999999999787,16,7866.0,бТел
1100,14:17:42,4.91,0.0,130,63830.0,бТел
1101,14:17:51,4.92,0.009999999999999787,20,9840.0,бРел
1102,14:17:54,4.91,-0.009999999999999787,61,30002.0,бТел
1103,14:18:00,4.92,0.009999999999999787,5,2460.0,бРел
1104,14:18:21,4.92,0.0,130,63960.0,бРел
1105,14:18:27,4.92,0.0,7,3444.0,бРел
1106,14:18:30,4.92,0.0,475,233700.0,бРел
1107,14:18:33,4.92,0.0,11,5412.0,бТел
1108,14:18:48,4.92,0.0,10,4920.0,бТел
1109,14:18:54,4.92,0.0,48,23616.0,бТел
1110,14:19:00,4.92,0.0,21,10332.0,бРел
1111,14:19:03,4.92,0.0,100,49200.0,бРел
1112,14:19:06,4.91,-0.009999999999999787,50,24550.0,бТел
1113,14:19:15,4.91,0.0,30,14730.0,бТел
1114,14:19:18,4.91,0.0,17,8347.0,бТел
1115,14:19:21,4.92,0.009999999999999787,6,2952.0,бРел
1116,14:19:24,4.91,-0.009999999999999787,50,24550.0,бТел
1117,14:19:36,4.91,0.0,19,9329.0,бТел
1118,14:19:45,4.91,0.0,77,37807.0,бТел
1119,14:19:48,4.91,0.0,40,19640.0,бТел
1120,14:19:51,4.91,0.0,18,8838.0,бТел
1121,14:19:57,4.91,0.0,120,58940.0,бТел
1122,14:20:00,4.92,0.009999999999999787,51,25046.0,бРел
1123,14:20:03,4.91,-0.009999999999999787,20,9820.0,бТел
1124,14:20:09,4.91,0.0,260,127720.0,бТел
1125,14:20:15,4.91,0.0,23,11293.0,бТел
1126,14:20:39,4.91,0.0,81,39771.0,бРел
1127,14:20:42,4.91,0.0,26,12766.0,бРел
1128,14:20:45,4.91,0.0,2,982.0,бТел
1129,14:20:48,4.91,0.0,5,2455.0,бТел
1130,14:20:51,4.91,0.0,132,64812.0,бТел
1131,14:20:57,4.9,-0.009999999999999787,54,26496.0,бТел
1132,14:21:00,4.91,0.009999999999999787,51,25040.0,бРел
1133,14:21:06,4.9,-0.009999999999999787,111,54451.0,бТел
1134,14:21:09,4.9,0.0,25,12270.0,бТел
1135,14:21:12,4.91,0.009999999999999787,20,9820.0,бРел
1136,14:21:24,4.91,0.0,102,50082.0,бРел
1137,14:21:27,4.9,-0.009999999999999787,425,208648.0,бТел
1138,14:21:36,4.9,0.0,100,49000.0,бТел
1139,14:21:42,4.9,0.0,163,79892.0,бТел
1140,14:21:45,4.91,0.009999999999999787,50,24550.0,бРел
1141,14:21:54,4.9,-0.009999999999999787,10,4900.0,бТел
1142,14:22:00,4.91,0.009999999999999787,46,22586.0,бРел
1143,14:22:03,4.9,-0.009999999999999787,32,15680.0,бТел
1144,14:22:06,4.91,0.009999999999999787,46,22571.0,бРел
1145,14:22:12,4.9,-0.009999999999999787,10,4900.0,бТел
1146,14:22:18,4.91,0.009999999999999787,3,1473.0,бРел
1147,14:22:21,4.91,0.0,180,88360.0,бРел
1148,14:22:27,4.91,0.0,16,7856.0,бРел
1149,14:22:33,4.91,0.0,81,39771.0,бРел
1150,14:22:36,4.91,0.0,37,18167.0,бРел
1151,14:22:45,4.91,0.0,63,30933.0,бРел
1152,14:22:51,4.9,-0.009999999999999787,118,57876.0,бТел
1153,14:23:00,4.92,0.019999999999999574,168,82566.0,бРел
1154,14:23:03,4.92,0.0,79,38868.0,бРел
1155,14:23:09,4.91,-0.009999999999999787,10,4910.0,бРел
1156,14:23:24,4.91,0.0,25,12275.0,бТел
1157,14:23:30,4.91,0.0,152,74642.0,бТел
1158,14:23:36,4.91,0.0,18,8838.0,бТел
1159,14:23:39,4.91,0.0,60,29460.0,бТел
1160,14:23:42,4.91,0.0,45,22095.0,бРел
1161,14:23:45,4.91,0.0,29,14239.0,бТел
1162,14:23:51,4.91,0.0,26,12766.0,бРел
1163,14:23:54,4.91,0.0,11,5401.0,бРел
1164,14:23:57,4.91,0.0,55,27005.0,бРел
1165,14:24:00,4.91,0.0,48,23568.0,бТел
1166,14:24:09,4.91,0.0,98,48118.0,бТел
1167,14:24:15,4.91,0.0,43,21113.0,бТел
1168,14:24:27,4.91,0.0,40,19640.0,бРел
1169,14:24:42,4.91,0.0,6,2946.0,бРел
1170,14:24:45,4.91,0.0,10,4910.0,бРел
1171,14:24:48,4.91,0.0,1,491.0,бРел
1172,14:24:54,4.91,0.0,29,14239.0,бРел
1173,14:24:57,4.91,0.0,22,10802.0,бРел
1174,14:25:00,4.91,0.0,52,25532.0,бРел
1175,14:25:06,4.91,0.0,18,8838.0,бРел
1176,14:25:09,4.91,0.0,20,9820.0,бРел
1177,14:25:12,4.91,0.0,5,2455.0,бРел
1178,14:25:24,4.91,0.0,10,4910.0,бРел
1179,14:25:27,4.91,0.0,10,4910.0,бРел
1180,14:25:30,4.91,0.0,10,4910.0,бРел
1181,14:25:33,4.91,0.0,59,28969.0,бРел
1182,14:25:36,4.91,0.0,65,31915.0,бРел
1183,14:25:39,4.91,0.0,74,36304.0,бРел
1184,14:25:51,4.92,0.009999999999999787,11,5412.0,бРел
1185,14:25:54,4.92,0.0,1,492.0,бРел
1186,14:26:00,4.91,-0.009999999999999787,27,13257.0,бТел
1187,14:26:06,4.91,0.0,50,24550.0,бТел
1188,14:26:15,4.92,0.009999999999999787,6,2952.0,бРел
1189,14:26:18,4.92,0.0,3,1476.0,бРел
1190,14:26:30,4.92,0.0,4,1968.0,бРел
1191,14:26:48,4.91,-0.009999999999999787,1,491.0,бТел
1192,14:26:54,4.92,0.009999999999999787,33,16233.0,бРел
1193,14:27:12,4.92,0.0,25,12300.0,бРел
1194,14:27:15,4.91,-0.009999999999999787,3,1473.0,бТел
1195,14:27:24,4.92,0.009999999999999787,30,14760.0,бРел
1196,14:27:27,4.91,-0.009999999999999787,273,134300.0,бТел
1197,14:27:33,4.91,0.0,2,982.0,бТел
1198,14:27:45,4.91,0.0,205,100660.0,бТел
1199,14:27:48,4.92,0.009999999999999787,53,26053.0,бРел
1200,14:27:51,4.92,0.0,3,1476.0,бРел
1201,14:27:54,4.92,0.0,10,4920.0,бРел
1202,14:27:57,4.92,0.0,10,4920.0,бРел
1203,14:28:00,4.92,0.0,50,24600.0,бРел
1204,14:28:09,4.92,0.0,19,9348.0,бРел
1205,14:28:15,4.92,0.0,1,492.0,бРел
1206,14:28:18,4.91,-0.009999999999999787,91,44686.0,бТел
1207,14:28:24,4.92,0.009999999999999787,10,4920.0,бРел
1208,14:28:33,4.92,0.0,12,5904.0,бРел
1209,14:28:42,4.92,0.0,34,16728.0,бРел
1210,14:28:45,4.91,-0.009999999999999787,14,6874.0,бТел
1211,14:28:48,4.91,0.0,10,4910.0,бТел
1212,14:29:15,4.91,0.0,11,5401.0,бТел
1213,14:29:27,4.91,0.0,7,3437.0,бТел
1214,14:29:33,4.92,0.009999999999999787,39,19169.0,бРел
1215,14:29:45,4.92,0.0,5,2460.0,бРел
1216,14:29:48,4.91,-0.009999999999999787,42,20622.0,бТел
1217,14:30:00,4.91,0.0,10,4910.0,бТел
1218,14:30:21,4.91,0.0,20,9820.0,бТел
1219,14:30:30,4.91,0.0,61,29951.0,бТел
1220,14:30:36,4.91,0.0,26,12766.0,бТел
1221,14:30:39,4.91,0.0,10,4915.0,бТел
1222,14:30:48,4.91,0.0,35,17185.0,бТел
1223,14:30:57,4.92,0.009999999999999787,30,14760.0,бРел
1224,14:31:39,4.91,-0.009999999999999787,10,4910.0,бТел
1225,14:31:45,4.92,0.009999999999999787,2,984.0,бРел
1226,14:31:51,4.91,-0.009999999999999787,20,9820.0,бТел
1227,14:31:54,4.92,0.009999999999999787,14,6888.0,бРел
1228,14:31:57,4.92,0.0,159,78228.0,бРел
1229,14:32:00,4.92,0.0,10,4929.820000000298,бРел
1230,14:32:06,4.92,0.0,117,57564.0,бРел
1231,14:32:09,4.92,0.0,325,159900.0,бРел
1232,14:32:21,4.92,0.0,130,63960.0,бТел
1233,14:32:27,4.93,0.009999999999999787,10,4930.0,бРел
1234,14:32:30,4.92,-0.009999999999999787,10,4920.0,бТел
1235,14:32:33,4.93,0.009999999999999787,26,12817.0,бРел
1236,14:32:36,4.92,-0.009999999999999787,450,221400.0,бТел
1237,14:32:39,4.92,0.0,20,9840.0,бРел
1238,14:32:45,4.92,0.0,328,161376.0,бРел
1239,14:32:51,4.92,0.0,10,4920.0,бРел
1240,14:32:54,4.92,0.0,12,5904.0,бРел
1241,14:32:57,4.92,0.0,120,59040.0,бРел
1242,14:33:00,4.92,0.0,87,42804.0,бРел
1243,14:33:03,4.91,-0.009999999999999787,62,30454.0,бТел
1244,14:33:06,4.92,0.009999999999999787,274,134808.0,бРел
1245,14:33:12,4.92,0.0,30,14760.0,бТел
1246,14:33:15,4.92,0.0,15,7380.0,бТел
1247,14:33:36,4.93,0.009999999999999787,6,2958.0,бРел
1248,14:33:39,4.93,0.0,122,60146.0,бРел
1249,14:33:45,4.93,0.0,57,28101.0,бРел
1250,14:33:51,4.93,0.0,2,986.0,бРел
1251,14:33:57,4.93,0.0,44,21692.0,бРел
1252,14:34:12,4.93,0.0,101,49793.0,бРел
1253,14:34:15,4.93,0.0,52,25636.0,бРел
1254,14:34:21,4.93,0.0,238,117334.0,бРел
1255,14:34:24,4.93,0.0,31,15283.0,бТел
1256,14:34:30,4.93,0.0,45,22185.0,бРел
1257,14:34:42,4.93,0.0,16,7888.0,бРел
1258,14:34:48,4.93,0.0,32,15776.0,бРел
1259,14:34:57,4.93,0.0,19,9367.0,бТел
1260,14:35:06,4.93,0.0,20,9860.0,бТел
1261,14:35:09,4.93,0.0,30,14790.0,бТел
1262,14:35:33,4.93,0.0,40,19720.0,бТел
1263,14:35:42,4.93,0.0,30,14790.0,бТел
1264,14:36:03,4.94,0.010000000000000675,50,24700.0,бРел
1265,14:36:33,4.94,0.0,13,6422.0,бРел
1266,14:36:42,4.94,0.0,80,39520.0,бРел
1267,14:36:48,4.94,0.0,1,494.0,бРел
1268,14:37:00,4.94,0.0,10,4940.0,бРел
1269,14:37:12,4.93,-0.010000000000000675,43,21199.0,бТел
1270,14:37:15,4.94,0.010000000000000675,10,4940.0,бРел
1271,14:37:33,4.94,0.0,554,273619.0,бРел
1272,14:38:03,4.94,0.0,147,72618.0,бТел
1273,14:38:06,4.94,0.0,14,6916.0,бРел
1274,14:38:09,4.94,0.0,3,1482.0,бРел
1275,14:38:15,4.94,0.0,3,1482.0,бРел
1276,14:38:21,4.94,0.0,231,114114.0,бРел
1277,14:38:24,4.94,0.0,10,4940.0,бРел
1278,14:38:27,4.94,0.0,90,44460.0,бРел
1279,14:38:30,4.94,0.0,18,8892.0,бРел
1280,14:38:33,4.94,0.0,10,4940.0,бРел
1281,14:38:54,4.93,-0.010000000000000675,11,5423.0,бТел
1282,14:39:00,4.94,0.010000000000000675,20,9880.0,бРел
1283,14:39:06,4.94,0.0,20,9880.0,бТел
1284,14:39:12,4.94,0.0,11,5434.0,бТел
1285,14:39:27,4.93,-0.010000000000000675,100,49300.0,бТел
1286,14:39:30,4.94,0.010000000000000675,10,4940.0,бРел
1287,14:39:39,4.94,0.0,14,6916.0,бРел
1288,14:39:45,4.94,0.0,23,11344.0,бРел
1289,14:40:00,4.94,0.0,200,98800.0,бРел
1290,14:40:03,4.93,-0.010000000000000675,9,4437.0,бТел
1291,14:40:12,4.93,0.0,3,1479.0,бТел
1292,14:40:15,4.93,0.0,124,61132.0,бТел
1293,14:40:21,4.93,0.0,13,6409.0,бТел
1294,14:40:36,4.93,0.0,159,78387.0,бТел
1295,14:40:51,4.93,0.0,18,8874.0,бТел
1296,14:40:57,4.93,0.0,139,68527.0,бТел
1297,14:41:00,4.94,0.010000000000000675,117,57793.0,бРел
1298,14:41:03,4.93,-0.010000000000000675,5,2465.0,бТел
1299,14:41:15,4.93,0.0,21,10353.0,бТел
1300,14:41:30,4.93,0.0,100,49300.0,бТел
1301,14:41:33,4.93,0.0,30,14790.0,бТел
1302,14:41:39,4.93,0.0,39,19227.0,бТел
1303,14:41:45,4.93,0.0,50,24650.0,бТел
1304,14:41:48,4.93,0.0,101,49793.0,бТел
1305,14:42:09,4.93,0.0,30,14790.0,бТел
1306,14:42:12,4.93,0.0,62,30566.0,бТел
1307,14:42:15,4.93,0.0,89,43877.0,бТел
1308,14:42:18,4.93,0.0,1,493.0,бРел
1309,14:42:21,4.93,0.0,4,1972.0,бРел
1310,14:42:27,4.93,0.0,4,1972.0,бРел
1311,14:42:30,4.93,0.0,2,986.0,бРел
1312,14:42:36,4.93,0.0,1,493.0,жпптел
1313,14:42:39,4.93,0.0,49,24157.0,бРел
1314,14:42:42,4.93,0.0,4,1972.0,бТел
1315,14:42:45,4.93,0.0,20,9860.0,бТел
1316,14:42:54,4.93,0.0,22,10846.0,бТел
1317,14:43:09,4.93,0.0,20,9860.0,бТел
1318,14:43:12,4.92,-0.009999999999999787,240,118200.0,бТел
1319,14:43:15,4.93,0.009999999999999787,2,986.0,жпптел
1320,14:43:18,4.93,0.0,1,493.0,бРел
1321,14:43:24,4.93,0.0,6,2958.0,бРел
1322,14:43:27,4.93,0.0,7,3451.0,бРел
1323,14:43:33,4.93,0.0,7,3451.0,бРел
1324,14:43:39,4.93,0.0,7,3451.0,бРел
1325,14:43:42,4.93,0.0,2,986.0,бРел
1326,14:43:45,4.93,0.0,2,986.0,бРел
1327,14:43:54,4.93,0.0,20,9860.0,бРел
1328,14:44:00,4.93,0.0,20,9860.0,бРел
1329,14:44:03,4.93,0.0,145,71485.0,бРел
1330,14:44:06,4.93,0.0,13,6409.0,бРел
1331,14:44:09,4.93,0.0,50,24650.0,бРел
1332,14:44:12,4.93,0.0,39,19227.0,бРел
1333,14:44:18,4.93,0.0,4,1972.0,жпптел
1334,14:44:21,4.93,0.0,134,65951.0,бРел
1335,14:44:30,4.92,-0.009999999999999787,12,5904.0,бТел
1336,14:44:33,4.93,0.009999999999999787,1,493.0,бРел
1337,14:44:36,4.93,0.0,1,493.0,бРел
1338,14:44:42,4.93,0.0,15,7386.0,бРел
1339,14:44:45,4.93,0.0,1,493.0,бРел
1340,14:44:48,4.93,0.0,1,493.0,бРел
1341,14:45:03,4.92,-0.009999999999999787,1,492.0,бТел
1342,14:45:06,4.93,0.009999999999999787,5,2465.0,бРел
1343,14:45:15,4.92,-0.009999999999999787,87,42804.0,бТел
1344,14:45:24,4.93,0.009999999999999787,211,104023.0,бРел
1345,14:45:27,4.93,0.0,200,98600.0,бРел
1346,14:45:42,4.93,0.0,21,10353.0,бРел
1347,14:45:45,4.93,0.0,5,2465.0,бРел
1348,14:45:51,4.93,0.0,223,109939.0,бРел
1349,14:46:00,4.92,-0.009999999999999787,15,7380.0,бТел
1350,14:46:18,4.93,0.009999999999999787,80,39440.0,бРел
1351,14:46:24,4.93,0.0,32,15776.0,бРел
1352,14:46:30,4.93,0.0,42,20706.0,бРел
1353,14:46:33,4.93,0.0,37,18215.0,бРел
1354,14:46:36,4.92,-0.009999999999999787,42,20666.0,бТел
1355,14:46:48,4.93,0.009999999999999787,2,986.0,бРел
1356,14:46:51,4.93,0.0,3,1479.0,бРел
1357,14:46:54,4.93,0.0,111,54623.0,бРел
1358,14:47:00,4.93,0.0,5,2465.0,бРел
1359,14:47:03,4.93,0.0,5,2465.0,бРел
1360,14:47:12,4.93,0.0,2,986.0,бРел
1361,14:47:15,4.93,0.0,2,986.0,бРел
1362,14:47:21,4.93,0.0,2,986.0,бРел
1363,14:47:27,4.93,0.0,5,2465.0,бРел
1364,14:47:30,4.93,0.0,3,1479.0,бРел
1365,14:47:36,4.93,0.0,200,98600.0,бРел
1366,14:47:42,4.93,0.0,53,26079.0,бРел
1367,14:47:45,4.93,0.0,3,1479.0,бРел
1368,14:47:48,4.93,0.0,3,1479.0,бРел
1369,14:47:51,4.93,0.0,140,69020.0,бРел
1370,14:47:54,4.93,0.0,5,2465.0,бРел
1371,14:48:00,4.93,0.0,42,20689.0,бРел
1372,14:48:03,4.93,0.0,4,1972.0,бРел
1373,14:48:06,4.93,0.0,110,54230.0,бРел
1374,14:48:27,4.93,0.0,18,8874.0,бТел
1375,14:48:30,4.93,0.0,6,2958.0,бТел
1376,14:48:42,4.93,0.0,162,79866.0,бТел
1377,14:48:48,4.93,0.0,8,3944.0,бТел
1378,14:48:54,4.93,0.0,40,19720.0,бТел
1379,14:48:57,4.93,0.0,11,5423.0,бТел
1380,14:49:00,4.93,0.0,57,28101.0,бТел
1381,14:49:06,4.93,0.0,2,986.0,бТел
1382,14:49:12,4.93,0.0,204,100572.0,бТел
1383,14:49:18,4.93,0.0,15,7395.0,бТел
1384,14:49:33,4.93,0.0,2,986.0,бТел
1385,14:49:36,4.93,0.0,30,14790.0,бТел
1386,14:49:39,4.93,0.0,10,4930.0,бТел
1387,14:49:42,4.93,0.0,10,4930.0,бТел
1388,14:49:54,4.93,0.0,20,9860.0,бТел
1389,14:49:57,4.93,0.0,46,22678.0,бТел
1390,14:50:03,4.93,0.0,182,89726.0,бТел
1391,14:50:06,4.93,0.0,25,12325.0,бРел
1392,14:50:12,4.93,0.0,3,1479.0,бРел
1393,14:50:15,4.93,0.0,98,48314.0,бРел
1394,14:50:18,4.93,0.0,7,3451.0,бРел
1395,14:50:27,4.93,0.0,97,47821.0,бТел
1396,14:50:30,4.93,0.0,17,8381.0,бТел
1397,14:50:33,4.93,0.0,20,9854.0,бРел
1398,14:50:36,4.93,0.0,15,7395.0,бРел
1399,14:50:42,4.93,0.0,63,31059.0,бРел
1400,14:50:51,4.93,0.0,5,2465.0,бРел
1401,14:50:54,4.92,-0.009999999999999787,818,402456.0,бТел
1402,14:50:57,4.93,0.009999999999999787,2,986.0,бРел
1403,14:51:00,4.93,0.0,2,986.0,бРел
1404,14:51:03,4.92,-0.009999999999999787,6,2952.0,бТел
1405,14:51:15,4.93,0.009999999999999787,2,986.0,бРел
1406,14:51:18,4.93,0.0,4,1972.0,бРел
1407,14:51:24,4.93,0.0,1,493.0,бРел
1408,14:51:27,4.92,-0.009999999999999787,12,5907.0,бТел
1409,14:51:36,4.93,0.009999999999999787,3,1479.0,бРел
1410,14:51:39,4.93,0.0,1,493.0,бРел
1411,14:51:42,4.92,-0.009999999999999787,12,5906.0,бТел
1412,14:51:45,4.92,0.0,82,40346.0,бТел
1413,14:51:48,4.93,0.009999999999999787,18,8874.0,бРел
1414,14:52:00,4.92,-0.009999999999999787,17,8364.0,бТел
1415,14:52:03,4.92,0.0,9,4429.0,бТел
1416,14:52:06,4.93,0.009999999999999787,36,17748.0,бРел
1417,14:52:15,4.93,0.0,1,493.0,бРел
1418,14:52:24,4.93,0.0,3,1479.0,бРел
1419,14:52:27,4.93,0.0,37,18205.0,бРел
1420,14:52:42,4.92,-0.009999999999999787,11,5412.0,бТел
1421,14:52:48,4.92,0.0,40,19680.0,бТел
1422,14:52:51,4.93,0.009999999999999787,33,16269.0,бРел
1423,14:52:54,4.93,0.0,20,9860.0,бРел
1424,14:53:00,4.93,0.0,23,11339.0,бРел
1425,14:53:06,4.92,-0.009999999999999787,73,35918.0,бТел
1426,14:53:12,4.93,0.009999999999999787,31,15283.0,бРел
1427,14:53:15,4.93,0.0,28,13778.0,бРел
1428,14:53:18,4.93,0.0,63,31049.0,бРел
1429,14:53:21,4.92,-0.009999999999999787,394,194172.0,бТел
1430,14:53:24,4.93,0.009999999999999787,461,227273.0,бРел
1431,14:53:30,4.93,0.0,21,10353.0,бРел
1432,14:53:36,4.93,0.0,57,28101.0,бРел
1433,14:53:42,4.93,0.0,44,21692.0,бРел
1434,14:53:45,4.93,0.0,78,38404.0,бРел
1435,14:53:51,4.93,0.0,8,3944.0,бРел
1436,14:54:00,4.92,-0.009999999999999787,4,1968.0,бТел
1437,14:54:12,4.93,0.009999999999999787,50,24650.0,бРел
1438,14:54:15,4.92,-0.009999999999999787,45,22140.0,бТел
1439,14:54:27,4.93,0.009999999999999787,32,15776.0,бРел
1440,14:54:30,4.92,-0.009999999999999787,15,7380.0,бТел
1441,14:54:33,4.93,0.009999999999999787,2,986.0,бРел
1442,14:54:36,4.92,-0.009999999999999787,32,15746.0,бТел
1443,14:54:39,4.93,0.009999999999999787,10,4930.0,бРел
1444,14:54:42,4.93,0.0,24,11832.0,бРел
1445,14:54:45,4.93,0.0,100,49300.0,бРел
1446,14:54:57,4.93,0.0,38,18709.0,бРел
1447,14:55:00,4.92,-0.009999999999999787,46,22638.0,бТел
1448,14:55:03,4.93,0.009999999999999787,324,159732.0,бРел
1449,14:55:06,4.92,-0.009999999999999787,242,119064.0,бТел
1450,14:55:12,4.92,0.0,20,9840.0,бТел
1451,14:55:15,4.93,0.009999999999999787,16,7878.0,бРел
1452,14:55:18,4.93,0.0,15,7395.0,бРел
1453,14:55:21,4.92,-0.009999999999999787,100,49200.0,бТел
1454,14:55:33,4.92,0.0,16,7872.0,бТел
1455,14:55:36,4.92,0.0,3,1476.0,бТел
1456,14:55:45,4.92,0.0,43,21156.0,бТел
1457,14:55:54,4.92,0.0,1,492.0,бТел
1458,14:55:57,4.93,0.009999999999999787,48,23664.0,бРел
1459,14:56:03,4.92,-0.009999999999999787,109,53637.0,бТел
1460,14:56:12,4.93,0.009999999999999787,15,7395.0,бРел
1461,14:56:21,4.93,0.0,7,3447.0,бРел
1462,14:56:24,4.93,0.0,47,23126.0,бРел
1463,14:56:27,4.92,-0.009999999999999787,1,492.0,бТел
1464,14:56:30,4.92,0.0,56,27552.0,бТел
1465,14:56:36,4.93,0.009999999999999787,8,3944.0,бРел
1466,14:56:39,4.92,-0.009999999999999787,274,134818.0,бТел
1467,14:56:45,4.92,0.0,214,105453.0,бТел
1468,14:56:51,4.92,0.0,50,24600.0,бТел
1469,14:57:00,4.9,-0.019999999999999574,2540,1248527.1799999997,бТел
1470,15:00:03,4.91,0.009999999999999787,3343,1641422.8200000003,бРел
