,Ёи╫╩й╠╪Д,Ёи╫╩╪ш,╪ш╦Я╠Д╤╞,Ёи╫╩а©ё╗йжё╘,Ёи╫╩╤Нё╗т╙ё╘,птжй
0,09:25:03,6.0,0.009999999999999787,20,12000.0,бРел
1,09:30:03,6.02,0.019999999999999574,2,1202.0,бРел
2,09:30:12,6.02,0.0,4,2408.0,бРел
3,09:30:15,6.02,0.0,3,1806.0,бРел
4,09:30:33,6.02,0.0,55,33110.0,бРел
5,09:30:39,6.01,-0.009999999999999787,3,1803.0,бТел
6,09:30:48,6.02,0.009999999999999787,15,9030.0,бРел
7,09:30:51,6.01,-0.009999999999999787,1,601.0,бТел
8,09:30:54,6.01,0.0,5,3005.0,бТел
9,09:30:57,6.01,0.0,50,30050.0,бТел
10,09:31:00,6.0,-0.009999999999999787,3,1800.0,бТел
11,09:31:09,6.01,0.009999999999999787,1,601.0,бРел
12,09:31:21,6.01,0.0,142,85342.0,бРел
13,09:31:24,6.01,0.0,11,6611.0,бТел
14,09:31:39,6.02,0.009999999999999787,1,602.0,бРел
15,09:32:06,6.01,-0.009999999999999787,100,60100.0,бТел
16,09:32:09,6.01,0.0,58,34908.0,бТел
17,09:32:12,6.0,-0.009999999999999787,9,5407.0,бТел
18,09:32:15,6.0,0.0,1,600.0,бТел
19,09:33:15,6.02,0.019999999999999574,6,3612.0,бРел
20,09:33:24,6.0,-0.019999999999999574,1,600.0,бТел
21,09:34:33,6.02,0.019999999999999574,16,9632.0,бРел
22,09:34:36,6.0,-0.019999999999999574,1,600.0,бТел
23,09:35:00,6.0,0.0,135,81000.0,бТел
24,09:35:03,6.0,0.0,7,4200.0,бТел
25,09:35:15,6.01,0.009999999999999787,2,1202.0,бРел
26,09:35:24,6.01,0.0,72,43239.0,бРел
27,09:35:27,6.01,0.0,19,11419.0,бТел
28,09:35:30,6.01,0.0,1,601.0,бТел
29,09:35:45,6.02,0.009999999999999787,10,6020.0,бРел
30,09:35:48,6.01,-0.009999999999999787,1,601.0,бТел
31,09:35:51,6.02,0.009999999999999787,10,6020.0,бРел
32,09:36:03,6.02,0.0,5,3010.0,бРел
33,09:36:06,6.01,-0.009999999999999787,10,6010.0,бТел
34,09:36:09,6.01,0.0,7,4207.0,бТел
35,09:36:36,6.01,0.0,1,601.0,бТел
36,09:37:00,6.01,0.0,48,28848.0,бТел
37,09:37:03,6.0,-0.009999999999999787,3,1800.0,бТел
38,09:37:27,6.01,0.009999999999999787,15,9015.0,бРел
39,09:37:30,6.0,-0.009999999999999787,1,600.0,бТел
40,09:37:33,6.01,0.009999999999999787,13,7822.0,бРел
41,09:38:00,6.0,-0.009999999999999787,6,3600.0,бТел
42,09:38:06,6.0,0.0,1,600.0,бТел
43,09:38:36,6.02,0.019999999999999574,41,24652.0,бРел
44,09:38:39,6.0,-0.019999999999999574,2,1200.0,бТел
45,09:38:42,6.01,0.009999999999999787,1,601.0,бРел
46,09:39:03,6.02,0.009999999999999787,42,25284.0,бРел
47,09:39:06,6.01,-0.009999999999999787,7,4207.0,бТел
48,09:39:27,6.02,0.009999999999999787,42,25284.0,бРел
49,09:39:30,6.01,-0.009999999999999787,3,1803.0,бТел
50,09:39:45,6.03,0.020000000000000462,42,25300.0,бРел
51,09:39:48,6.01,-0.020000000000000462,3,1803.0,бТел
52,09:39:54,6.01,0.0,6,3606.0,бТел
53,09:40:12,6.02,0.009999999999999787,42,25284.0,бРел
54,09:40:18,6.01,-0.009999999999999787,3,1803.0,бТел
55,09:40:36,6.03,0.020000000000000462,42,25312.0,бРел
56,09:40:39,6.01,-0.020000000000000462,2,1202.0,бТел
57,09:41:03,6.02,0.009999999999999787,40,24080.0,бРел
58,09:41:06,6.01,-0.009999999999999787,2,1202.0,бТел
59,09:41:09,6.02,0.009999999999999787,9,5418.0,бРел
60,09:41:12,6.02,0.0,18,10836.0,бРел
61,09:41:15,6.01,-0.009999999999999787,59,35517.0,бТел
62,09:41:18,6.01,0.0,38,22873.0,бТел
63,09:41:21,6.01,0.0,14,8426.0,бТел
64,09:41:27,6.02,0.009999999999999787,21,12642.0,бРел
65,09:41:30,6.01,-0.009999999999999787,5,3008.0,бТел
66,09:41:45,6.02,0.009999999999999787,21,12642.0,бРел
67,09:41:51,6.02,0.0,12,7222.0,бРел
68,09:42:03,6.02,0.0,16,9632.0,бРел
69,09:42:12,6.02,0.0,21,12642.0,бРел
70,09:42:15,6.01,-0.009999999999999787,2,1202.0,бТел
71,09:42:27,6.02,0.009999999999999787,50,30100.0,бРел
72,09:42:30,6.01,-0.009999999999999787,3,1803.0,бТел
73,09:42:33,6.03,0.020000000000000462,61,36739.0,бРел
74,09:42:36,6.03,0.0,24,14466.0,бРел
75,09:42:42,6.01,-0.020000000000000462,1,601.0,бТел
76,09:42:51,6.03,0.020000000000000462,10,6029.0,бРел
77,09:42:54,6.01,-0.020000000000000462,2,1202.0,бТел
78,09:43:00,6.03,0.020000000000000462,21,12663.0,бРел
79,09:43:27,6.03,0.0,21,12663.0,бРел
80,09:43:30,6.01,-0.020000000000000462,2,1202.0,бТел
81,09:43:33,6.03,0.020000000000000462,58,34974.0,бРел
82,09:43:36,6.01,-0.020000000000000462,3,1803.0,бТел
83,09:43:54,6.03,0.020000000000000462,11,6631.0,бРел
84,09:44:39,6.03,0.0,15,9045.0,бРел
85,09:44:51,6.01,-0.020000000000000462,10,6010.0,бТел
86,09:44:54,6.01,0.0,2,1202.0,бТел
87,09:45:00,6.03,0.020000000000000462,16,9648.0,бРел
88,09:45:24,6.02,-0.010000000000000675,10,6020.0,бТел
89,09:45:27,6.03,0.010000000000000675,16,9640.0,бРел
90,09:45:30,6.01,-0.020000000000000462,2,1202.0,бТел
91,09:45:42,6.02,0.009999999999999787,18,10836.0,бТел
92,09:45:45,6.03,0.010000000000000675,18,10852.0,бРел
93,09:45:48,6.02,-0.010000000000000675,2,1204.0,бТел
94,09:45:51,6.02,0.0,13,7826.0,бТел
95,09:46:09,6.02,0.0,1,602.0,бТел
96,09:46:12,6.03,0.010000000000000675,15,9045.0,бРел
97,09:46:27,6.02,-0.010000000000000675,151,90902.0,бТел
98,09:46:30,6.01,-0.009999999999999787,10,6010.0,бТел
99,09:46:39,6.02,0.009999999999999787,16,9632.0,бРел
100,09:47:00,6.03,0.010000000000000675,16,9641.0,бРел
101,09:47:27,6.02,-0.010000000000000675,16,9632.0,бРел
102,09:47:30,6.01,-0.009999999999999787,2,1202.0,бТел
103,09:48:00,6.01,0.0,13,7813.0,бТел
104,09:48:30,6.02,0.009999999999999787,58,34916.0,бРел
105,09:48:36,6.01,-0.009999999999999787,27,16250.0,бТел
106,09:48:42,6.03,0.020000000000000462,58,34974.0,бРел
107,09:48:45,6.01,-0.020000000000000462,5,3005.0,бТел
108,09:49:00,6.03,0.020000000000000462,3,1809.0,бРел
109,09:49:33,6.02,-0.010000000000000675,6,3612.0,бТел
110,09:50:09,6.03,0.010000000000000675,20,12060.0,бРел
111,09:50:15,6.03,0.0,16,9648.0,бРел
112,09:50:42,6.02,-0.010000000000000675,18,10836.0,бТел
113,09:50:45,6.02,0.0,3,1806.0,бТел
114,09:51:00,6.02,0.0,10,6020.0,бТел
115,09:51:15,6.02,0.0,1,602.0,бТел
116,09:51:33,6.02,0.0,6,3612.0,бТел
117,09:51:42,6.02,0.0,1,602.0,бТел
118,09:51:57,6.02,0.0,27,16254.0,бТел
119,09:52:24,6.03,0.010000000000000675,58,34974.0,бРел
120,09:52:30,6.03,0.0,63,37984.0,бРел
121,09:52:33,6.02,-0.010000000000000675,32,19292.0,бТел
122,09:52:36,6.03,0.010000000000000675,1,603.0,бРел
123,09:52:39,6.03,0.0,16,9648.0,бРел
124,09:52:42,6.02,-0.010000000000000675,57,34350.0,бТел
125,09:52:45,6.02,0.0,5,3010.0,бТел
126,09:53:15,6.02,0.0,1,602.0,бТел
127,09:53:42,6.02,0.0,1,602.0,бТел
128,09:54:21,6.02,0.0,20,12040.0,бТел
129,09:54:27,6.02,0.0,1,602.0,бТел
130,09:54:30,6.02,0.0,6,3612.0,бТел
131,09:54:33,6.02,0.0,2,1204.0,бТел
132,09:54:42,6.02,0.0,1,602.0,бТел
133,09:55:09,6.02,0.0,28,16864.0,бТел
134,09:55:15,6.03,0.010000000000000675,79,47616.0,бРел
135,09:55:18,6.02,-0.010000000000000675,4,2408.0,бТел
136,09:55:21,6.03,0.010000000000000675,58,34974.0,бРел
137,09:55:24,6.02,-0.010000000000000675,4,2408.0,бТел
138,09:55:42,6.02,0.0,6,3612.0,бТел
139,09:55:45,6.02,0.0,2,1204.0,бТел
140,09:55:48,6.02,0.0,1,602.0,бТел
141,09:56:09,6.03,0.010000000000000675,7,4221.0,бРел
142,09:56:12,6.02,-0.010000000000000675,1,602.0,бТел
143,09:56:33,6.03,0.010000000000000675,8,4824.0,бРел
144,09:56:42,6.02,-0.010000000000000675,1,602.0,бТел
145,09:57:00,6.03,0.010000000000000675,8,4824.0,бРел
146,09:57:06,6.03,0.0,95,57285.0,бРел
147,09:57:09,6.02,-0.010000000000000675,6,3612.0,бТел
148,09:57:18,6.03,0.010000000000000675,66,39798.0,бРел
149,09:57:24,6.02,-0.010000000000000675,4,2408.0,бТел
150,09:57:30,6.03,0.010000000000000675,58,34974.0,бРел
151,09:57:33,6.03,0.0,16,9648.0,бРел
152,09:57:36,6.02,-0.010000000000000675,16,9644.0,бТел
153,09:57:42,6.02,0.0,1,602.0,бТел
154,09:57:45,6.03,0.010000000000000675,8,4824.0,бРел
155,09:58:00,6.03,0.0,40,24120.0,бРел
156,09:58:15,6.03,0.0,15,9045.0,бРел
157,09:58:21,6.03,0.0,4,2412.0,бТел
158,09:58:39,6.04,0.009999999999999787,8,4831.0,бРел
159,09:58:42,6.03,-0.009999999999999787,1,603.0,бТел
160,09:59:03,6.04,0.009999999999999787,8,4832.0,бРел
161,09:59:12,6.03,-0.009999999999999787,1,603.0,бТел
162,09:59:24,6.04,0.009999999999999787,8,4832.0,бРел
163,09:59:54,6.04,0.0,8,4832.0,бРел
164,10:00:12,6.03,-0.009999999999999787,331,199593.0,бТел
165,10:00:15,6.03,0.0,20,12060.0,бТел
166,10:00:18,6.04,0.009999999999999787,8,4832.0,бРел
167,10:00:21,6.02,-0.020000000000000462,11,6629.0,бТел
168,10:00:42,6.03,0.010000000000000675,30,18090.0,бРел
169,10:00:45,6.03,0.0,1,603.0,бТел
170,10:00:48,6.03,0.0,10,6030.0,бТел
171,10:00:54,6.03,0.0,27,16281.0,бТел
172,10:00:57,6.03,0.0,13,7839.0,бТел
173,10:01:03,6.04,0.009999999999999787,10,6040.0,бРел
174,10:01:06,6.03,-0.009999999999999787,8,4824.0,бТел
175,10:01:21,6.03,0.0,10,6030.0,бТел
176,10:01:27,6.03,0.0,2,1206.0,бТел
177,10:01:30,6.03,0.0,1,603.0,бТел
178,10:01:39,6.03,0.0,2,1206.0,бТел
179,10:01:48,6.03,0.0,1,603.0,бТел
180,10:02:06,6.03,0.0,20,12060.0,бТел
181,10:02:12,6.03,0.0,1,603.0,бТел
182,10:02:15,6.03,0.0,200,120600.0,бТел
183,10:02:18,6.02,-0.010000000000000675,20,12046.0,бТел
184,10:02:48,6.02,0.0,1,602.0,бТел
185,10:02:51,6.03,0.010000000000000675,12,7236.0,бРел
186,10:03:00,6.04,0.009999999999999787,6,3624.0,бРел
187,10:03:06,6.04,0.0,2,1208.0,бРел
188,10:03:09,6.04,0.0,1,604.0,бРел
189,10:03:15,6.04,0.0,2,1208.0,бРел
190,10:03:21,6.04,0.0,2,1208.0,бРел
191,10:03:30,6.02,-0.020000000000000462,16,9647.0,бТел
192,10:03:39,6.04,0.020000000000000462,1,604.0,бРел
193,10:03:42,6.03,-0.009999999999999787,80,48240.0,бТел
194,10:03:48,6.02,-0.010000000000000675,7,4214.0,бТел
195,10:04:03,6.02,0.0,42,25284.0,бТел
196,10:04:12,6.04,0.020000000000000462,10,6034.0,бРел
197,10:04:15,6.02,-0.020000000000000462,29,17458.0,бТел
198,10:04:18,6.02,0.0,5,3010.0,бТел
199,10:04:57,6.02,0.0,2,1204.0,бТел
200,10:05:48,6.03,0.010000000000000675,11,6632.0,бРел
201,10:05:51,6.03,0.0,15,9045.0,бТел
202,10:06:03,6.03,0.0,60,36180.0,бТел
203,10:06:06,6.03,0.0,7,4221.0,бТел
204,10:06:36,6.03,0.0,1,603.0,бТел
205,10:06:42,6.04,0.009999999999999787,21,12664.0,бРел
206,10:06:45,6.03,-0.009999999999999787,1,603.0,бТел
207,10:07:27,6.04,0.009999999999999787,7,4228.0,бРел
208,10:07:48,6.04,0.0,9,5436.0,бРел
209,10:07:51,6.04,0.0,8,4832.0,бРел
210,10:08:21,6.04,0.0,18,10872.0,бРел
211,10:08:24,6.03,-0.009999999999999787,1,603.0,бТел
212,10:08:30,6.04,0.009999999999999787,14,8456.0,бРел
213,10:08:36,6.03,-0.009999999999999787,1,603.0,бТел
214,10:08:42,6.04,0.009999999999999787,8,4832.0,бРел
215,10:08:45,6.03,-0.009999999999999787,6,3618.0,бТел
216,10:09:03,6.04,0.009999999999999787,8,4832.0,бРел
217,10:09:18,6.03,-0.009999999999999787,1,603.0,бТел
218,10:09:27,6.03,0.0,20,12060.0,бТел
219,10:09:30,6.03,0.0,18,10854.0,бТел
220,10:09:42,6.03,0.0,40,24120.0,бТел
221,10:09:45,6.02,-0.010000000000000675,5,3010.0,бТел
222,10:09:48,6.03,0.010000000000000675,2,1206.0,бРел
223,10:10:00,6.02,-0.010000000000000675,20,12040.0,бТел
224,10:10:09,6.03,0.010000000000000675,1,603.0,бРел
225,10:10:18,6.02,-0.010000000000000675,3,1806.0,бТел
226,10:10:24,6.03,0.010000000000000675,24,14472.0,бРел
227,10:10:51,6.03,0.0,10,6030.0,бРел
228,10:11:00,6.03,0.0,140,84420.0,бРел
229,10:11:06,6.02,-0.010000000000000675,10,6020.0,бТел
230,10:11:09,6.03,0.010000000000000675,18,10854.0,бРел
231,10:11:18,6.03,0.0,10,6030.0,бРел
232,10:11:33,6.02,-0.010000000000000675,3,1806.0,бТел
233,10:12:06,6.03,0.010000000000000675,10,6030.0,бРел
234,10:12:09,6.02,-0.010000000000000675,1,602.0,бТел
235,10:12:33,6.02,0.0,42,25284.0,бТел
236,10:12:36,6.02,0.0,5,3010.0,бТел
237,10:12:39,6.02,0.0,10,6020.0,бТел
238,10:12:48,6.03,0.010000000000000675,56,33768.0,бРел
239,10:12:51,6.03,0.0,28,16884.0,бТел
240,10:12:54,6.03,0.0,6,3618.0,бТел
241,10:13:06,6.03,0.0,50,30150.0,бТел
242,10:13:12,6.02,-0.010000000000000675,20,12040.0,бТел
243,10:13:18,6.03,0.010000000000000675,7,4221.0,бРел
244,10:13:27,6.02,-0.010000000000000675,1305,785615.0,бТел
245,10:13:30,6.01,-0.009999999999999787,73,43877.0,бТел
246,10:13:39,6.03,0.020000000000000462,45,27135.0,бРел
247,10:13:42,6.01,-0.020000000000000462,61,36771.0,бТел
248,10:13:45,6.04,0.03000000000000025,10,6038.0,бРел
249,10:14:45,6.03,-0.009999999999999787,1,603.0,бРел
250,10:15:15,6.01,-0.020000000000000462,2,1202.0,бТел
251,10:15:33,6.01,0.0,5,3005.0,бТел
252,10:16:27,6.02,0.009999999999999787,1,602.0,бРел
253,10:16:33,6.03,0.010000000000000675,10,6025.0,бРел
254,10:17:27,6.01,-0.020000000000000462,23,13823.0,бТел
255,10:17:30,6.01,0.0,26,15626.0,бТел
256,10:17:33,6.03,0.020000000000000462,10,6027.0,бРел
257,10:18:09,6.01,-0.020000000000000462,1,601.0,бТел
258,10:18:27,6.01,0.0,42,25242.0,бТел
259,10:19:03,6.01,0.0,200,120200.0,бТел
260,10:19:06,6.01,0.0,20,12020.0,бТел
261,10:19:09,6.01,0.0,11,6611.0,бТел
262,10:19:12,6.01,0.0,1,601.0,бТел
263,10:19:21,6.02,0.009999999999999787,120,72240.0,бРел
264,10:19:24,6.01,-0.009999999999999787,12,7212.0,бТел
265,10:19:54,6.01,0.0,1,601.0,бТел
266,10:20:09,6.01,0.0,7,4207.0,бТел
267,10:20:24,6.01,0.0,30,18030.0,бТел
268,10:20:27,6.01,0.0,1,601.0,бТел
269,10:20:45,6.01,0.0,21,12621.0,бТел
270,10:21:00,6.01,0.0,10,6010.0,бТел
271,10:21:03,6.01,0.0,1,601.0,бТел
272,10:21:06,6.01,0.0,1,601.0,бТел
273,10:21:36,6.01,0.0,1,601.0,бТел
274,10:21:39,6.01,0.0,8,4808.0,бТел
275,10:22:15,6.02,0.009999999999999787,20,12040.0,бРел
276,10:22:18,6.01,-0.009999999999999787,5,3005.0,бТел
277,10:22:21,6.01,0.0,1,601.0,бТел
278,10:22:42,6.01,0.0,25,15025.0,бТел
279,10:22:45,6.02,0.009999999999999787,14,8427.0,бРел
280,10:23:12,6.01,-0.009999999999999787,10,6010.0,бТел
281,10:23:39,6.01,0.0,87,52287.0,бТел
282,10:23:42,6.01,0.0,10,6010.0,бТел
283,10:23:45,6.01,0.0,0,144.24000000022352,бТел
284,10:24:24,6.01,0.0,107,64307.0,бТел
285,10:24:39,6.01,0.0,7,4207.0,бТел
286,10:24:42,6.01,0.0,2,1202.0,бТел
287,10:24:45,6.01,0.0,1,601.0,бТел
288,10:25:39,6.01,0.0,50,30050.0,бТел
289,10:26:30,6.01,0.0,41,25097.759999999776,бТел
290,10:26:33,6.0,-0.009999999999999787,6,3600.0,бТел
291,10:26:45,6.0,0.0,1,600.0,бТел
292,10:27:00,6.0,0.0,18,10800.0,бТел
293,10:27:03,6.0,0.0,1,600.0,бТел
294,10:28:33,6.0,0.0,8,4800.0,бТел
295,10:28:54,6.0,0.0,1,600.0,бТел
296,10:29:09,6.0,0.0,2,1200.0,бТел
297,10:29:48,6.0,0.0,100,60000.0,бТел
298,10:29:51,6.0,0.0,9,5400.0,бТел
299,10:30:09,6.01,0.009999999999999787,33,19820.0,бРел
300,10:30:12,6.0,-0.009999999999999787,3,1800.0,бТел
301,10:30:15,6.0,0.0,1,600.0,бТел
302,10:30:18,6.01,0.009999999999999787,369,221912.24000000022,бРел
303,10:30:21,6.01,0.0,28,16828.0,бТел
304,10:30:30,6.01,0.0,8,4808.0,бТел
305,10:30:33,6.01,0.0,1,601.0,бТел
306,10:31:54,6.02,0.009999999999999787,58,34916.0,бРел
307,10:31:57,6.01,-0.009999999999999787,7,4207.0,бТел
308,10:32:15,6.02,0.009999999999999787,326,196252.0,бРел
309,10:32:18,6.02,0.0,36,21685.0,бТел
310,10:32:21,6.02,0.0,1,602.0,бТел
311,10:33:03,6.02,0.0,43,25886.0,бТел
312,10:33:06,6.02,0.0,6,3612.0,бТел
313,10:34:57,6.02,0.0,12,7224.0,бТел
314,10:35:03,6.02,0.0,71,42742.0,бТел
315,10:35:12,6.01,-0.009999999999999787,2,1202.0,бТел
316,10:35:21,6.01,0.0,100,60100.0,бТел
317,10:35:24,6.01,0.0,12,7212.0,бТел
318,10:35:30,6.01,0.0,25,15481.759999999776,бТел
319,10:35:36,6.01,0.0,18,10817.0,бРел
320,10:36:33,6.0,-0.009999999999999787,100,60000.0,бТел
321,10:36:36,6.0,0.0,7,4200.0,бТел
322,10:36:45,6.0,0.0,13,7800.0,бТел
323,10:36:57,6.0,0.0,3,1800.0,бТел
324,10:38:27,6.0,0.0,77,46200.0,бТел
325,10:38:30,6.0,0.0,5,3000.0,бТел
326,10:38:33,6.0,0.0,1,600.0,бТел
327,10:39:03,6.0,0.0,100,60000.0,бТел
328,10:39:06,6.0,0.0,9,5400.0,бТел
329,10:39:27,6.0,0.0,267,160544.0,бТел
330,10:39:33,6.0,0.0,20,12000.0,бТел
331,10:39:36,6.0,0.0,9,5400.0,бТел
332,10:41:15,6.02,0.019999999999999574,1,602.0,бРел
333,10:42:03,6.02,0.0,16,9632.0,бРел
334,10:42:15,6.0,-0.019999999999999574,9,5400.0,бТел
335,10:42:36,6.01,0.009999999999999787,1,601.0,бРел
336,10:42:48,6.02,0.009999999999999787,11,6619.0,бРел
337,10:43:18,6.01,-0.009999999999999787,1,601.0,бРел
338,10:43:21,6.01,0.0,1,601.0,бРел
339,10:43:45,6.02,0.009999999999999787,10,6017.0,бРел
340,10:43:51,6.01,-0.009999999999999787,37,22237.0,бТел
341,10:43:54,6.01,0.0,38,22838.0,бТел
342,10:43:57,6.01,0.0,2,1202.0,бТел
343,10:44:00,6.01,0.0,1,601.0,бТел
344,10:44:03,6.01,0.0,1,601.0,бТел
345,10:44:06,6.01,0.0,1,601.0,бТел
346,10:44:21,6.01,0.0,10,6010.0,бТел
347,10:44:39,6.01,0.0,40,24040.0,бТел
348,10:44:45,6.01,0.0,15,9015.0,бТел
349,10:44:48,6.01,0.0,5,3005.0,бТел
350,10:45:27,6.01,0.0,4,2404.0,бТел
351,10:48:12,6.01,0.0,0,564.9400000004098,бТел
352,10:48:15,6.01,0.0,16,9616.0,бТел
353,10:48:30,6.0,-0.009999999999999787,12,7200.0,бТел
354,10:48:45,6.0,0.0,100,60000.0,бТел
355,10:48:48,6.0,0.0,7,4200.0,бТел
356,10:50:18,6.01,0.009999999999999787,11,6611.0,бРел
357,10:51:06,6.0,-0.009999999999999787,16,9600.0,бТел
358,10:51:15,6.0,0.0,12,7200.0,бТел
359,10:51:18,6.0,0.0,6,3600.0,бТел
360,10:52:36,6.0,0.0,75,45000.0,бТел
361,10:52:39,6.0,0.0,9,5400.0,бТел
362,10:52:57,6.01,0.009999999999999787,7,4207.0,бТел
363,10:53:00,6.01,0.0,39,23439.0,бТел
364,10:53:03,6.01,0.0,1,601.0,бТел
365,10:53:09,6.01,0.0,8,4808.0,бТел
366,10:53:15,6.01,0.0,12,7212.0,бТел
367,10:53:18,6.01,0.0,6,3606.0,бТел
368,10:53:39,6.01,0.0,20,12020.0,бТел
369,10:53:42,6.01,0.0,12,7212.0,бТел
370,10:55:06,6.0,-0.009999999999999787,160,96096.0,бТел
371,10:55:09,6.0,0.0,13,7800.0,бТел
372,10:55:30,6.0,0.0,25,15000.0,бТел
373,10:55:33,6.02,0.019999999999999574,17,10226.0,бРел
374,10:55:36,6.0,-0.019999999999999574,120,72000.0,бТел
375,10:55:39,6.0,0.0,12,7200.0,бТел
376,10:55:42,6.0,0.0,1,600.0,бТел
377,10:56:06,6.0,0.0,1,600.0,бТел
378,10:56:30,6.0,0.0,1000,600000.0,бТел
379,10:56:33,6.0,0.0,12,7314.0,бТел
380,10:56:39,6.0,0.0,11,6942.0,бТел
381,10:57:12,5.99,-0.009999999999999787,20,11980.0,бТел
382,10:57:15,5.99,0.0,12,7188.0,бТел
383,10:58:33,5.99,0.0,18,10782.0,бТел
384,10:59:00,5.99,0.0,156,93444.0,бТел
385,11:00:33,5.98,-0.009999999999999787,34,20332.0,бТел
386,11:00:36,5.98,0.0,20,11960.0,бТел
387,11:00:42,5.98,0.0,1,598.0,бТел
388,11:01:00,5.98,0.0,327,195546.0,бТел
389,11:01:03,5.98,0.0,90,53820.0,бТел
390,11:01:21,5.98,0.0,1,598.0,бРел
391,11:01:27,5.98,0.0,2,1196.0,бТел
392,11:01:48,5.99,0.009999999999999787,30,17970.0,бРел
393,11:01:57,5.99,0.0,61,36539.0,бРел
394,11:02:15,5.98,-0.009999999999999787,1,598.0,бТел
395,11:02:18,5.98,0.0,1,598.0,бТел
396,11:03:30,5.98,0.0,1,598.0,бТел
397,11:03:33,5.98,0.0,14,8372.0,бТел
398,11:03:39,5.98,0.0,2,1196.0,бТел
399,11:03:42,5.98,0.0,1,598.0,бТел
400,11:03:45,5.98,0.0,1,598.0,бТел
401,11:03:48,5.98,0.0,20,11960.0,бТел
402,11:03:51,5.98,0.0,2,1196.0,бТел
403,11:03:54,5.98,0.0,2,1196.0,бТел
404,11:03:57,5.98,0.0,4,2392.0,бТел
405,11:04:00,5.97,-0.010000000000000675,117,70049.0,бТел
406,11:04:03,5.98,0.010000000000000675,10,5980.0,жпптел
407,11:04:06,5.98,0.0,1,598.0,бТел
408,11:04:09,5.98,0.0,1,598.0,бТел
409,11:04:42,5.98,0.0,1,598.0,бТел
410,11:04:48,5.98,0.0,1,598.0,бТел
411,11:04:51,5.98,0.0,1,598.0,бТел
412,11:04:54,5.98,0.0,1,598.0,бТел
413,11:04:57,5.98,0.0,8,4784.0,бТел
414,11:05:00,5.98,0.0,16,9568.0,бТел
415,11:05:03,5.98,0.0,12,7176.0,бТел
416,11:05:06,5.98,0.0,8,4784.0,бТел
417,11:05:33,5.97,-0.010000000000000675,10,5970.0,бТел
418,11:05:57,5.97,0.0,22,13134.0,бТел
419,11:06:33,5.98,0.010000000000000675,34,20332.0,бРел
420,11:07:09,5.99,0.009999999999999787,12,7188.0,бРел
421,11:07:30,5.99,0.0,17,10183.0,бРел
422,11:07:51,5.99,0.0,200,119800.0,бРел
423,11:08:00,5.99,0.0,5,2995.0,бРел
424,11:09:09,5.98,-0.009999999999999787,40,23920.0,бТел
425,11:09:36,5.98,0.0,75,44850.0,бТел
426,11:10:24,5.98,0.0,16,9568.0,бТел
427,11:11:30,5.98,0.0,6,3588.0,бТел
428,11:11:51,5.98,0.0,60,35880.0,бТел
429,11:12:42,5.98,0.0,30,17940.0,бТел
430,11:13:00,5.98,0.0,20,11960.0,бТел
431,11:13:27,5.98,0.0,136,81328.0,бТел
432,11:13:54,5.98,0.0,13,7774.0,бРел
433,11:14:12,5.97,-0.010000000000000675,8,4776.0,бТел
434,11:14:15,5.97,0.0,144,85968.0,бТел
435,11:15:06,5.97,0.0,7,4179.0,бТел
436,11:15:15,5.98,0.010000000000000675,80,47840.0,бРел
437,11:15:18,5.97,-0.010000000000000675,2,1194.0,бТел
438,11:15:24,5.97,0.0,4,2388.0,бТел
439,11:15:33,5.98,0.010000000000000675,16,9560.0,бРел
440,11:15:54,5.98,0.0,180,107640.0,бРел
441,11:15:57,5.97,-0.010000000000000675,8,4776.0,бТел
442,11:16:24,5.97,0.0,8,4776.0,бТел
443,11:16:30,5.97,0.0,30,17910.0,бТел
444,11:16:33,5.99,0.020000000000000462,11,6580.0,бРел
445,11:16:39,5.97,-0.020000000000000462,108,64476.0,бТел
446,11:16:45,5.97,0.0,8,4776.0,бТел
447,11:17:21,5.97,0.0,65,38805.0,бТел
448,11:17:36,5.97,0.0,14,8358.0,бТел
449,11:17:51,5.97,0.0,6,3582.0,бТел
450,11:17:54,5.97,0.0,160,95530.0,бТел
451,11:18:00,5.97,0.0,1,597.0,бТел
452,11:18:06,5.97,0.0,7,4179.0,бТел
453,11:18:12,5.97,0.0,17,10149.0,бТел
454,11:18:15,5.97,0.0,3,1791.0,бТел
455,11:18:24,5.97,0.0,70,41790.0,бТел
456,11:18:30,5.97,0.0,11,6567.0,бТел
457,11:18:33,5.97,0.0,14,8358.0,бТел
458,11:18:54,5.97,0.0,21,12537.0,бТел
459,11:18:57,5.97,0.0,8,4776.0,бТел
460,11:19:03,5.97,0.0,30,17910.0,бТел
461,11:19:15,5.97,0.0,11,6567.0,бТел
462,11:19:18,5.97,0.0,91,54326.99999999907,бТел
463,11:19:24,5.96,-0.009999999999999787,16,9544.0,бТел
464,11:19:39,5.97,0.009999999999999787,16,9552.0,бРел
465,11:19:45,5.96,-0.009999999999999787,8,4768.0,бТел
466,11:20:03,5.96,0.0,12,7152.0,бТел
467,11:20:30,5.96,0.0,88,52704.28000000119,бТел
468,11:21:06,5.97,0.009999999999999787,10,5970.0,бРел
469,11:21:39,5.96,-0.009999999999999787,366,218136.0,бТел
470,11:21:42,5.97,0.009999999999999787,24,14328.0,бРел
471,11:21:48,5.97,0.0,10,5970.0,бРел
472,11:22:03,5.97,0.0,135,80560.0,бРел
473,11:22:06,5.97,0.0,22,13134.0,бРел
474,11:22:39,5.97,0.0,2,1194.0,бРел
475,11:22:54,5.97,0.0,91,54327.0,бРел
476,11:23:06,5.98,0.010000000000000675,60,35880.0,бРел
477,11:23:12,5.98,0.0,8,4784.0,бТел
478,11:23:30,5.98,0.0,1,598.0,бТел
479,11:23:33,5.98,0.0,9,5382.0,бТел
480,11:24:15,5.98,0.0,2,1196.0,бТел
481,11:24:54,5.97,-0.010000000000000675,64,38208.0,бТел
482,11:24:57,5.97,0.0,32,19104.0,бРел
483,11:25:06,5.97,0.0,1,597.0,бРел
484,11:25:48,5.96,-0.009999999999999787,4,2384.0,бТел
485,11:26:06,5.96,0.0,18,10741.0,бТел
486,11:26:09,5.97,0.009999999999999787,32,19104.0,бРел
487,11:27:57,5.97,0.0,20,11940.0,бТел
488,11:28:09,5.98,0.010000000000000675,83,49604.0,бРел
489,11:28:21,5.98,0.0,17,10166.0,бТел
490,11:29:39,5.97,-0.010000000000000675,84,50148.0,бТел
491,11:29:42,5.97,0.0,4,2388.0,бРел
492,11:29:45,5.97,0.0,3,1791.0,бРел
493,11:29:48,5.97,0.0,2,1194.0,бРел
494,11:29:51,5.97,0.0,2,1194.0,бРел
495,11:29:54,5.97,0.0,1,597.0,бРел
496,11:29:57,5.97,0.0,1,597.0,бРел
497,13:00:03,5.96,-0.009999999999999787,684,408107.7199999988,бТел
498,13:00:06,5.96,0.0,11,6556.0,бРел
499,13:00:18,5.96,0.0,102,60792.0,бРел
500,13:00:21,5.96,0.0,42,25032.0,бРел
501,13:00:33,5.95,-0.009999999999999787,43,25608.0,бТел
502,13:00:39,5.96,0.009999999999999787,132,78672.0,бРел
503,13:00:42,5.96,0.0,51,30366.0,бРел
504,13:01:03,5.96,0.0,3,1788.0,бРел
505,13:01:06,5.95,-0.009999999999999787,12,7140.0,бТел
506,13:01:24,5.96,0.009999999999999787,1,596.0,бРел
507,13:01:27,5.95,-0.009999999999999787,8,4763.0,бТел
508,13:01:39,5.96,0.009999999999999787,1,596.0,бРел
509,13:01:42,5.95,-0.009999999999999787,100,59500.0,бТел
510,13:01:45,5.95,0.0,11,6545.0,бТел
511,13:02:12,5.95,0.0,100,59500.0,бТел
512,13:02:36,5.96,0.009999999999999787,1,596.0,бРел
513,13:02:45,5.96,0.0,91,54146.0,бРел
514,13:02:48,5.96,0.0,1,596.0,бРел
515,13:02:57,5.95,-0.009999999999999787,1,595.0,бТел
516,13:03:03,5.95,0.0,1,595.0,бТел
517,13:03:09,5.95,0.0,137,81515.0,бТел
518,13:03:12,5.94,-0.009999999999999787,13,7722.0,бТел
519,13:03:27,5.95,0.009999999999999787,1,595.0,бРел
520,13:03:36,5.95,0.0,1,595.0,бРел
521,13:04:03,5.95,0.0,1,595.0,бРел
522,13:04:09,5.94,-0.009999999999999787,61,36235.0,бТел
523,13:04:15,5.94,0.0,40,23760.0,бРел
524,13:04:36,5.94,0.0,5,2970.0,бТел
525,13:04:57,5.95,0.009999999999999787,30,17850.0,бРел
526,13:05:03,5.95,0.0,50,29750.0,бРел
527,13:05:06,5.95,0.0,10,5950.0,бРел
528,13:05:12,5.95,0.0,90,53550.0,бРел
529,13:05:15,5.95,0.0,7,4165.0,бРел
530,13:05:36,5.95,0.0,1,595.0,бРел
531,13:06:03,5.95,0.0,1,595.0,бРел
532,13:06:33,5.95,0.0,1,595.0,бРел
533,13:06:42,5.95,0.0,5,2975.0,бРел
534,13:07:21,5.94,-0.009999999999999787,10,5940.0,бТел
535,13:07:24,5.95,0.009999999999999787,5,2975.0,бРел
536,13:07:33,5.95,0.0,1,595.0,бРел
537,13:08:21,5.95,0.0,1,595.0,бРел
538,13:09:42,5.95,0.0,26,15470.0,бРел
539,13:09:48,5.95,0.0,10,5950.0,бРел
540,13:09:51,5.94,-0.009999999999999787,29,17226.0,бТел
541,13:10:39,5.95,0.009999999999999787,1,595.0,бРел
542,13:10:48,5.95,0.0,6,3570.0,бРел
543,13:10:54,5.95,0.0,4,2380.0,бТел
544,13:11:06,5.95,0.0,10,5950.0,бРел
545,13:11:30,5.95,0.0,4,2380.0,бРел
546,13:11:33,5.95,0.0,13,7724.0,бРел
547,13:11:36,5.94,-0.009999999999999787,1,594.0,бТел
548,13:11:45,5.94,0.0,20,11880.0,бТел
549,13:12:06,5.95,0.009999999999999787,79,47005.0,бРел
550,13:12:30,5.94,-0.009999999999999787,167,99261.0,бТел
551,13:12:42,5.94,0.0,33,19602.0,бРел
552,13:12:51,5.93,-0.010000000000000675,150,88967.0,бТел
553,13:13:00,5.96,0.03000000000000025,7,4172.0,бРел
554,13:13:39,5.96,0.0,100,59600.0,бРел
555,13:14:48,5.95,-0.009999999999999787,5,2975.0,бРел
556,13:14:57,5.94,-0.009999999999999787,10,5940.0,бТел
557,13:16:24,5.94,0.0,40,23760.0,бТел
558,13:16:54,5.94,0.0,101,59994.0,бТел
559,13:16:57,5.94,0.0,16,9504.0,бРел
560,13:17:06,5.94,0.0,33,19602.0,бРел
561,13:17:09,5.94,0.0,17,10098.0,бРел
562,13:17:15,5.94,0.0,1,594.0,бРел
563,13:17:18,5.94,0.0,76,45144.0,бРел
564,13:17:51,5.96,0.019999999999999574,3,1788.0,бРел
565,13:17:54,5.96,0.0,5,2980.0,бРел
566,13:18:51,5.94,-0.019999999999999574,13,7722.0,бТел
567,13:19:36,5.96,0.019999999999999574,5,2980.0,бРел
568,13:19:51,5.95,-0.009999999999999787,21,12495.0,бТел
569,13:20:09,5.95,0.0,5,2975.0,бРел
570,13:20:12,5.95,0.0,2,1190.0,бРел
571,13:20:27,5.95,0.0,4,2380.0,бРел
572,13:20:54,5.95,0.0,46,27370.0,бРел
573,13:21:33,5.96,0.009999999999999787,11,6547.0,бРел
574,13:22:21,5.96,0.0,27,16348.280000001192,бРел
575,13:23:27,5.96,0.0,16,9536.0,бТел
576,13:23:33,5.97,0.009999999999999787,3,1791.0,бРел
577,13:23:54,5.96,-0.009999999999999787,14,8350.0,бТел
578,13:25:42,5.96,0.0,35,20860.0,бТел
579,13:26:39,5.97,0.009999999999999787,4,2388.0,бРел
580,13:26:51,5.97,0.0,6,3582.0,бРел
581,13:27:00,5.97,0.0,33,19701.0,бРел
582,13:27:06,5.97,0.0,44,26268.0,бТел
583,13:27:45,5.97,0.0,40,23880.0,бРел
584,13:28:00,5.96,-0.009999999999999787,43,25628.0,бТел
585,13:29:24,5.96,0.0,4,2384.0,бТел
586,13:29:45,5.97,0.009999999999999787,44,26268.0,бРел
587,13:29:48,5.98,0.010000000000000675,3,1794.0,бРел
588,13:29:54,5.98,0.0,6,3588.0,бРел
589,13:30:06,5.97,-0.010000000000000675,18,10746.0,бТел
590,13:30:09,5.97,0.0,43,25671.0,бТел
591,13:30:12,5.97,0.0,10,5970.0,бТел
592,13:30:15,5.97,0.0,93,55521.0,бТел
593,13:30:18,5.97,0.0,3,1791.0,бТел
594,13:30:33,5.97,0.0,200,119400.0,бТел
595,13:31:18,5.98,0.010000000000000675,11,6578.0,бРел
596,13:32:54,5.98,0.0,6,3588.0,бРел
597,13:32:57,5.98,0.0,4,2392.0,бРел
598,13:33:03,5.97,-0.010000000000000675,96,57312.0,бТел
599,13:33:21,5.97,0.0,8,4776.0,бТел
600,13:33:39,5.97,0.0,7,4179.0,бТел
601,13:33:42,5.97,0.0,6,3582.0,бТел
602,13:34:03,5.97,0.0,7,4179.0,бТел
603,13:34:15,5.97,0.0,13,7761.0,бТел
604,13:34:24,5.98,0.010000000000000675,10,5974.0,бРел
605,13:34:27,5.96,-0.020000000000000462,7,4172.0,бТел
606,13:34:54,5.96,0.0,7,4172.0,бТел
607,13:35:12,5.96,0.0,16,9536.0,бТел
608,13:35:15,5.96,0.0,7,4172.0,бТел
609,13:35:18,5.96,0.0,169,100724.0,бТел
610,13:35:48,5.98,0.020000000000000462,6,3588.0,бРел
611,13:36:03,5.98,0.0,3,1794.0,бРел
612,13:37:06,5.98,0.0,30,17940.0,бРел
613,13:37:12,5.96,-0.020000000000000462,13,7748.0,бТел
614,13:38:48,5.98,0.020000000000000462,6,3588.0,бРел
615,13:39:09,5.96,-0.020000000000000462,7,4172.0,бТел
616,13:39:12,5.98,0.020000000000000462,4,2392.0,бРел
617,13:39:33,5.96,-0.020000000000000462,7,4172.0,бТел
618,13:39:57,5.96,0.0,7,4172.0,бТел
619,13:40:18,5.96,0.0,7,4172.0,бТел
620,13:40:39,5.96,0.0,1,596.0,бТел
621,13:40:42,5.96,0.0,7,4172.0,бТел
622,13:41:33,5.96,0.0,11,6556.0,бТел
623,13:41:39,5.96,0.0,15,8940.0,бТел
624,13:41:48,5.97,0.009999999999999787,6,3582.0,бРел
625,13:42:03,5.98,0.010000000000000675,11,6572.0,бРел
626,13:44:48,5.97,-0.010000000000000675,6,3582.0,бРел
627,13:45:30,5.97,0.0,1,597.0,бРел
628,13:45:33,5.96,-0.009999999999999787,11,6556.0,бТел
629,13:45:54,5.96,0.0,22,13112.0,бТел
630,13:46:18,5.97,0.009999999999999787,10,5970.0,бРел
631,13:46:33,5.98,0.010000000000000675,10,5977.0,бРел
632,13:47:33,5.97,-0.010000000000000675,1,597.0,бТел
633,13:47:45,5.98,0.010000000000000675,19,11362.0,бРел
634,13:48:15,5.98,0.0,12,7176.0,бРел
635,13:48:30,5.97,-0.010000000000000675,1,597.0,бТел
636,13:48:45,5.97,0.0,16,9552.0,бТел
637,13:49:54,5.97,0.0,60,35820.0,бТел
638,13:50:12,5.98,0.010000000000000675,101,60397.0,бРел
639,13:50:42,5.97,-0.010000000000000675,10,5970.0,бТел
640,13:52:30,5.97,0.0,15,8955.0,бТел
641,13:52:54,5.97,0.0,10,5970.0,бТел
642,13:54:06,5.97,0.0,20,11940.0,бТел
643,13:56:18,5.98,0.010000000000000675,11,6578.0,бРел
644,13:56:45,5.98,0.0,100,59800.0,бРел
645,13:56:54,5.99,0.009999999999999787,100,59809.0,бРел
646,13:57:06,5.99,0.0,61,36539.0,бРел
647,13:58:18,5.97,-0.020000000000000462,49,29253.0,бТел
648,13:59:03,5.98,0.010000000000000675,5,2990.0,бРел
649,13:59:18,5.98,0.0,11,6578.0,бРел
650,14:00:15,5.97,-0.010000000000000675,10,5970.0,бТел
651,14:00:57,5.97,0.0,10,5970.0,бТел
652,14:01:30,5.96,-0.009999999999999787,23,13715.0,бТел
653,14:02:09,5.96,0.0,3,1788.0,бТел
654,14:02:15,5.97,0.009999999999999787,10,5970.0,бРел
655,14:02:18,5.97,0.0,103,61491.0,бРел
656,14:02:21,5.97,0.0,18,10746.0,бРел
657,14:02:24,5.97,0.0,10,5970.0,бРел
658,14:02:42,5.97,0.0,20,11940.0,бРел
659,14:03:06,5.97,0.0,19,11343.0,бРел
660,14:03:33,5.97,0.0,7,4179.0,бТел
661,14:05:21,5.96,-0.009999999999999787,31,18476.0,бТел
662,14:06:00,5.97,0.009999999999999787,2,1194.0,бРел
663,14:06:03,5.97,0.0,11,6567.0,бРел
664,14:06:33,5.96,-0.009999999999999787,80,47680.0,бТел
665,14:07:36,5.96,0.0,2,1192.0,бТел
666,14:07:48,5.96,0.0,8,4768.0,бТел
667,14:08:24,5.96,0.0,13,7748.0,бТел
668,14:08:36,5.96,0.0,1,596.0,бТел
669,14:09:24,5.96,0.0,10,5960.0,бТел
670,14:09:33,5.96,0.0,2,1192.0,бТел
671,14:09:36,5.96,0.0,33,19668.0,бТел
672,14:09:42,5.96,0.0,8,4768.0,бРел
673,14:09:57,5.96,0.0,202,120392.0,бТел
674,14:10:09,5.96,0.0,1,596.0,бТел
675,14:10:15,5.96,0.0,12,7152.0,бТел
676,14:10:24,5.96,0.0,2,1192.0,бТел
677,14:10:51,5.96,0.0,1,596.0,бТел
678,14:10:54,5.96,0.0,2,1192.0,бТел
679,14:11:06,5.96,0.0,160,95360.0,бТел
680,14:11:18,5.96,0.0,2,1192.0,бТел
681,14:11:36,5.96,0.0,170,101320.0,бТел
682,14:11:42,5.95,-0.009999999999999787,1,595.0,бТел
683,14:12:00,5.95,0.0,3,1785.0,бТел
684,14:12:09,5.95,0.0,62,36890.0,бТел
685,14:12:24,5.95,0.0,1,595.0,бТел
686,14:12:54,5.95,0.0,2,1190.0,бТел
687,14:13:00,5.95,0.0,2,1190.0,бТел
688,14:13:12,5.95,0.0,2,1190.0,бТел
689,14:13:24,5.96,0.009999999999999787,11,6556.0,бРел
690,14:13:30,5.95,-0.009999999999999787,10,5950.0,бТел
691,14:13:39,5.95,0.0,1,595.0,бТел
692,14:13:54,5.95,0.0,2,1190.0,бТел
693,14:14:15,5.95,0.0,1,595.0,бТел
694,14:14:18,5.96,0.009999999999999787,61,36356.0,бРел
695,14:15:00,5.95,-0.009999999999999787,2,1190.0,бТел
696,14:15:03,5.96,0.009999999999999787,10,5960.0,бРел
697,14:15:18,5.95,-0.009999999999999787,2,1190.0,бТел
698,14:15:48,5.95,0.0,51,30345.0,бТел
699,14:15:51,5.95,0.0,28,16660.0,бТел
700,14:15:54,5.95,0.0,76,45220.0,бТел
701,14:16:12,5.95,0.0,3,1785.0,бРел
702,14:16:27,5.94,-0.009999999999999787,10,5940.0,бТел
703,14:16:51,5.94,0.0,10,5940.0,бТел
704,14:17:30,5.94,0.0,19,11286.0,бТел
705,14:17:45,5.94,0.0,1,594.0,бТел
706,14:17:48,5.94,0.0,11,6535.0,бТел
707,14:18:00,5.94,0.0,303,179982.0,бТел
708,14:18:24,5.94,0.0,5,2970.0,бТел
709,14:18:30,5.94,0.0,15,8910.0,бТел
710,14:18:33,5.94,0.0,5,2970.0,бРел
711,14:18:54,5.94,0.0,54,32076.0,бРел
712,14:19:00,5.94,0.0,136,80784.0,бРел
713,14:19:30,5.94,0.0,22,13068.0,бТел
714,14:19:42,5.94,0.0,300,178200.0,бТел
715,14:19:48,5.95,0.009999999999999787,8,4760.0,бРел
716,14:20:33,5.94,-0.009999999999999787,3,1782.0,бТел
717,14:20:45,5.94,0.0,310,184140.0,бТел
718,14:21:00,5.95,0.009999999999999787,33,19635.0,бРел
719,14:21:03,5.94,-0.009999999999999787,400,237600.0,бТел
720,14:21:27,5.94,0.0,10,5940.0,бТел
721,14:21:30,5.94,0.0,4,2376.0,бТел
722,14:21:45,5.94,0.0,33,19602.0,бТел
723,14:21:54,5.94,0.0,18,10692.0,бТел
724,14:21:57,5.94,0.0,2,1188.0,бРел
725,14:22:00,5.93,-0.010000000000000675,3,1779.0,бТел
726,14:22:06,5.94,0.010000000000000675,142,84348.0,бРел
727,14:22:09,5.94,0.0,121,71874.0,бРел
728,14:22:12,5.94,0.0,17,10098.0,бРел
729,14:23:03,5.94,0.0,3,1782.0,бТел
730,14:23:06,5.94,0.0,88,52272.0,бТел
731,14:23:15,5.93,-0.010000000000000675,5,2965.0,бТел
732,14:23:18,5.94,0.010000000000000675,16,9504.0,бРел
733,14:23:21,5.94,0.0,40,23760.0,бРел
734,14:23:24,5.94,0.0,3,1782.0,бРел
735,14:23:27,5.94,0.0,4,2376.0,бРел
736,14:23:30,5.94,0.0,15,8910.0,бРел
737,14:23:36,5.94,0.0,174,103356.0,бРел
738,14:23:39,5.94,0.0,16,9504.0,бТел
739,14:23:42,5.94,0.0,5,2970.0,бТел
740,14:24:03,5.94,0.0,5,2970.0,бТел
741,14:24:15,5.94,0.0,17,10098.0,бТел
742,14:24:18,5.94,0.0,25,14850.0,бТел
743,14:24:24,5.93,-0.010000000000000675,4,2372.0,бТел
744,14:24:39,5.93,0.0,8,4744.0,бТел
745,14:24:42,5.93,0.0,5,2965.0,бТел
746,14:24:45,5.93,0.0,168,99624.0,бТел
747,14:24:54,5.93,0.0,1,593.0,бТел
748,14:24:57,5.93,0.0,1,593.0,бТел
749,14:25:00,5.94,0.010000000000000675,50,29700.0,бРел
750,14:25:03,5.94,0.0,18,10692.0,бРел
751,14:25:06,5.93,-0.010000000000000675,5,2965.0,бТел
752,14:25:09,5.94,0.010000000000000675,142,84348.0,бРел
753,14:25:18,5.93,-0.010000000000000675,7,4151.0,бТел
754,14:25:48,5.93,0.0,13,7709.0,бТел
755,14:26:12,5.93,0.0,3,1779.0,бТел
756,14:26:15,5.93,0.0,7,4151.0,бТел
757,14:26:18,5.94,0.010000000000000675,228,135432.0,бРел
758,14:26:48,5.94,0.0,9,5346.0,бТел
759,14:26:51,5.94,0.0,5,2970.0,бТел
760,14:26:54,5.94,0.0,200,118800.0,бТел
761,14:27:12,5.94,0.0,17,10106.0,бТел
762,14:27:15,5.94,0.0,412,245377.0,бТел
763,14:27:39,5.94,0.0,10,5940.0,бТел
764,14:27:45,5.94,0.0,5,2970.0,бТел
765,14:27:48,5.95,0.009999999999999787,306,181770.0,бРел
766,14:27:51,5.94,-0.009999999999999787,19,11300.0,бТел
767,14:28:09,5.95,0.009999999999999787,2,1190.0,бРел
768,14:28:12,5.94,-0.009999999999999787,5,2970.0,бТел
769,14:28:15,5.95,0.009999999999999787,5,2975.0,бРел
770,14:28:33,5.94,-0.009999999999999787,100,59400.0,бТел
771,14:28:42,5.94,0.0,6,3564.0,бТел
772,14:28:45,5.94,0.0,3,1782.0,бТел
773,14:28:48,5.94,0.0,8,4752.0,бТел
774,14:28:51,5.94,0.0,5,2970.0,бТел
775,14:28:57,5.95,0.009999999999999787,6,3570.0,бРел
776,14:29:06,5.95,0.0,19,11302.0,бРел
777,14:29:09,5.94,-0.009999999999999787,22,13068.0,бТел
778,14:29:12,5.94,0.0,5,2970.0,бТел
779,14:29:21,5.94,0.0,74,43956.0,бТел
780,14:29:42,5.93,-0.010000000000000675,5,2965.0,бТел
781,14:29:54,5.93,0.0,6,3558.0,бТел
782,14:30:15,5.93,0.0,8,4744.0,бТел
783,14:30:18,5.94,0.010000000000000675,1,594.0,бРел
784,14:30:30,5.94,0.0,25,14845.0,бРел
785,14:30:36,5.94,0.0,22,13068.0,бРел
786,14:30:42,5.93,-0.010000000000000675,6,3558.0,бТел
787,14:30:48,5.93,0.0,16,9488.0,бТел
788,14:30:51,5.93,0.0,3,1779.0,бТел
789,14:30:54,5.93,0.0,6,3558.0,бТел
790,14:31:03,5.93,0.0,3,1779.0,бТел
791,14:31:18,5.93,0.0,10,5930.0,бТел
792,14:31:27,5.93,0.0,7,4151.0,бТел
793,14:32:00,5.94,0.010000000000000675,220,130675.0,бРел
794,14:32:03,5.94,0.0,79,46926.0,бРел
795,14:32:09,5.94,0.0,145,86130.0,бРел
796,14:32:12,5.93,-0.010000000000000675,90,53457.0,бТел
797,14:32:15,5.94,0.010000000000000675,3,1782.0,бРел
798,14:32:21,5.93,-0.010000000000000675,9,5337.0,бТел
799,14:32:24,5.93,0.0,17,10081.0,бТел
800,14:32:27,5.94,0.010000000000000675,18,10692.0,бРел
801,14:32:30,5.94,0.0,3,1782.0,бРел
802,14:32:51,5.94,0.0,89,52866.0,бРел
803,14:32:57,5.93,-0.010000000000000675,10,5930.0,бТел
804,14:33:00,5.94,0.010000000000000675,19,11286.0,бРел
805,14:33:03,5.94,0.0,80,47520.0,бРел
806,14:33:06,5.94,0.0,61,36234.0,бРел
807,14:33:09,5.94,0.0,1,594.0,бРел
808,14:33:12,5.94,0.0,2,1188.0,бРел
809,14:33:15,5.93,-0.010000000000000675,6,3558.0,бТел
810,14:33:24,5.93,0.0,5,2965.0,бТел
811,14:33:48,5.93,0.0,18,10684.0,бТел
812,14:33:54,5.93,0.0,5,2965.0,бТел
813,14:34:00,5.94,0.010000000000000675,4,2376.0,бРел
814,14:34:06,5.94,0.0,18,10692.0,бРел
815,14:34:24,5.94,0.0,6,3564.0,бТел
816,14:34:30,5.94,0.0,5,2970.0,бТел
817,14:34:51,5.94,0.0,3,1782.0,бТел
818,14:34:54,5.94,0.0,6,3564.0,бТел
819,14:35:03,5.94,0.0,5,2970.0,бТел
820,14:35:09,5.95,0.009999999999999787,28,16660.0,бРел
821,14:35:18,5.95,0.0,3,1785.0,бРел
822,14:35:27,5.94,-0.009999999999999787,12,7128.0,бТел
823,14:35:33,5.94,0.0,8,4755.0,бТел
824,14:35:51,5.94,0.0,3,1782.0,бТел
825,14:35:57,5.94,0.0,9,5346.0,бТел
826,14:36:06,5.94,0.0,5,2970.0,бТел
827,14:36:27,5.94,0.0,7,4158.0,бТел
828,14:36:33,5.94,0.0,5,2970.0,бТел
829,14:36:51,5.94,0.0,5,2970.0,бТел
830,14:37:00,5.95,0.009999999999999787,4,2380.0,бРел
831,14:37:06,5.94,-0.009999999999999787,7,4158.0,бТел
832,14:37:18,5.95,0.009999999999999787,2,1190.0,бРел
833,14:37:21,5.94,-0.009999999999999787,5,2970.0,бТел
834,14:37:24,5.95,0.009999999999999787,9,5355.0,бРел
835,14:37:36,5.94,-0.009999999999999787,3,1782.0,бТел
836,14:37:45,5.94,0.0,11,6534.0,бТел
837,14:37:48,5.94,0.0,3,1782.0,бТел
838,14:37:54,5.95,0.009999999999999787,20,11900.0,бРел
839,14:37:57,5.94,-0.009999999999999787,8,4752.0,бТел
840,14:38:03,5.94,0.0,5,2970.0,бТел
841,14:38:15,5.95,0.009999999999999787,100,59500.0,бРел
842,14:38:27,5.94,-0.009999999999999787,7,4159.0,бТел
843,14:38:30,5.95,0.009999999999999787,4,2380.0,бРел
844,14:38:33,5.94,-0.009999999999999787,6,3564.0,бТел
845,14:38:42,5.94,0.0,3,1782.0,бТел
846,14:38:57,5.94,0.0,9,5346.0,бТел
847,14:39:00,5.94,0.0,5,2970.0,бТел
848,14:39:18,5.95,0.009999999999999787,3,1785.0,бРел
849,14:39:24,5.94,-0.009999999999999787,5,2970.0,бТел
850,14:39:30,5.94,0.0,6,3564.0,бТел
851,14:39:42,5.94,0.0,3,1782.0,бТел
852,14:39:57,5.94,0.0,6,3564.0,бТел
853,14:40:00,5.95,0.009999999999999787,3,1785.0,бРел
854,14:40:03,5.94,-0.009999999999999787,6,3564.0,бТел
855,14:40:09,5.94,0.0,233,138402.0,бТел
856,14:40:18,5.94,0.0,11,6534.0,бТел
857,14:40:27,5.94,0.0,7,4158.0,бТел
858,14:40:39,5.94,0.0,8,4752.0,бТел
859,14:40:54,5.94,0.0,6,3564.0,бТел
860,14:41:06,5.94,0.0,3,1782.0,бТел
861,14:41:09,5.94,0.0,6,3564.0,бТел
862,14:41:15,5.95,0.009999999999999787,3,1785.0,бРел
863,14:41:30,5.95,0.0,4,2380.0,бРел
864,14:41:33,5.94,-0.009999999999999787,16,9513.0,бТел
865,14:41:39,5.95,0.009999999999999787,30,17850.0,бРел
866,14:41:57,5.94,-0.009999999999999787,6,3564.0,бТел
867,14:42:03,5.94,0.0,3,1782.0,бТел
868,14:42:09,5.94,0.0,6,3564.0,бТел
869,14:42:36,5.94,0.0,7,4158.0,бТел
870,14:42:51,5.94,0.0,8,4752.0,бТел
871,14:43:00,5.94,0.0,8,4755.0,бТел
872,14:43:06,5.95,0.009999999999999787,12,7137.0,бРел
873,14:43:09,5.94,-0.009999999999999787,7,4158.0,бТел
874,14:43:15,5.95,0.009999999999999787,2,1190.0,бРел
875,14:43:30,5.94,-0.009999999999999787,3,1782.0,бТел
876,14:43:36,5.94,0.0,9,5346.0,бТел
877,14:44:03,5.94,0.0,5,2970.0,бТел
878,14:44:18,5.94,0.0,35,20790.0,бТел
879,14:44:30,5.95,0.009999999999999787,4,2380.0,бРел
880,14:44:33,5.95,0.0,10,5950.0,бРел
881,14:44:39,5.94,-0.009999999999999787,7,4158.0,бТел
882,14:44:45,5.94,0.0,6,3564.0,бТел
883,14:45:03,5.94,0.0,3,1782.0,бТел
884,14:45:06,5.94,0.0,6,3564.0,бТел
885,14:45:09,5.94,0.0,17,10098.0,бТел
886,14:45:15,5.95,0.009999999999999787,3,1785.0,бРел
887,14:45:33,5.94,-0.009999999999999787,5,2970.0,бТел
888,14:45:45,5.94,0.0,7,4158.0,бТел
889,14:45:48,5.94,0.0,10,5940.0,бТел
890,14:46:03,5.94,0.0,388,230526.0,бТел
891,14:46:06,5.94,0.0,80,47520.0,бТел
892,14:46:12,5.94,0.0,31,18413.999999998137,бТел
893,14:46:15,5.94,0.0,6,3564.0,бТел
894,14:46:36,5.94,0.0,8,4752.0,бТел
895,14:46:42,5.94,0.0,6,3564.0,бТел
896,14:46:48,5.94,0.0,60,35640.0,бТел
897,14:47:03,5.94,0.0,3,1782.0,бТел
898,14:47:06,5.94,0.0,5,2970.0,бТел
899,14:47:18,5.95,0.009999999999999787,2,1190.0,бРел
900,14:47:24,5.94,-0.009999999999999787,3,1782.0,бТел
901,14:47:30,5.95,0.009999999999999787,3,1785.0,бРел
902,14:47:48,5.95,0.0,10,5950.0,бРел
903,14:48:27,5.94,-0.009999999999999787,3,1782.0,бТел
904,14:49:00,5.95,0.009999999999999787,64,38020.0,бРел
905,14:49:15,5.95,0.0,3,1785.0,бРел
906,14:49:51,5.94,-0.009999999999999787,2,1188.0,бТел
907,14:49:54,5.94,0.0,4,2376.0,бТел
908,14:50:30,5.94,0.0,6,3567.0,бТел
909,14:50:33,5.94,0.0,1,594.0,бТел
910,14:51:03,5.95,0.009999999999999787,26,15459.0,бРел
911,14:51:06,5.94,-0.009999999999999787,16,9504.0,бТел
912,14:51:15,5.95,0.009999999999999787,3,1785.0,бРел
913,14:51:27,5.94,-0.009999999999999787,32,19008.0,бТел
914,14:51:30,5.94,0.0,3,1782.0,бТел
915,14:51:51,5.94,0.0,7,4158.0,бТел
916,14:51:54,5.94,0.0,1,594.0,бТел
917,14:52:00,5.95,0.009999999999999787,4,2380.0,бРел
918,14:52:06,5.94,-0.009999999999999787,117,69498.0,бТел
919,14:52:15,5.94,0.0,19,11286.0,бТел
920,14:52:18,5.94,0.0,100,59400.0,бТел
921,14:52:24,5.94,0.0,45,26730.0,бТел
922,14:53:00,5.95,0.009999999999999787,20,11900.0,бРел
923,14:53:03,5.94,-0.009999999999999787,156,92664.0,бТел
924,14:53:15,5.95,0.009999999999999787,9,5355.0,бРел
925,14:53:24,5.93,-0.020000000000000462,237,140706.0,бТел
926,14:53:33,5.95,0.020000000000000462,4,2380.0,бРел
927,14:54:21,5.93,-0.020000000000000462,73,43289.0,бТел
928,14:55:15,5.95,0.020000000000000462,10,5950.0,бРел
929,14:55:24,5.93,-0.020000000000000462,3,1779.0,бТел
930,14:55:27,5.94,0.010000000000000675,2,1188.0,жпптел
931,14:55:30,5.95,0.009999999999999787,2,1190.0,бРел
932,14:55:36,5.94,-0.009999999999999787,20,11880.0,бТел
933,14:55:45,5.94,0.0,24,14256.0,бТел
934,14:55:57,5.94,0.0,13,7722.0,бТел
935,14:56:00,5.94,0.0,2,1188.0,бРел
936,14:56:09,5.93,-0.010000000000000675,73,43289.0,бТел
937,14:56:12,5.94,0.010000000000000675,25,14850.0,бРел
938,14:56:24,5.94,0.0,6,3564.0,бТел
939,14:56:39,5.95,0.009999999999999787,100,59500.0,бРел
940,14:57:00,5.95,0.0,10,5950.0,бРел
941,15:00:03,5.94,-0.009999999999999787,453,269082.0,бРел
