,Ёи╫╩й╠╪Д,Ёи╫╩╪ш,╪ш╦Я╠Д╤╞,Ёи╫╩а©ё╗йжё╘,Ёи╫╩╤Нё╗т╙ё╘,птжй
0,09:25:06,8.35,0.0,3,2505.0,бРел
1,09:30:03,8.26,-0.08999999999999986,29,23995.0,бТел
2,09:30:06,8.43,0.16999999999999993,12,10116.0,жпптел
3,09:30:12,8.35,-0.08000000000000007,1,835.0,бРел
4,09:30:15,8.3,-0.049999999999998934,1,830.0,бТел
5,09:30:21,8.3,0.0,1,830.0,бТел
6,09:30:27,8.3,0.0,8,6640.0,бТел
7,09:30:30,8.35,0.049999999999998934,6,5010.0,бРел
8,09:30:36,8.35,0.0,16,13360.0,бТел
9,09:30:42,8.35,0.0,6,5010.0,бТел
10,09:30:51,8.3,-0.049999999999998934,18,14940.0,бТел
11,09:30:57,8.31,0.009999999999999787,5,4155.0,бТел
12,09:31:00,8.31,0.0,29,24099.0,бТел
13,09:31:03,8.31,0.0,14,11634.0,бТел
14,09:31:06,8.31,0.0,4,3326.0,бТел
15,09:31:09,8.31,0.0,20,16620.0,бТел
16,09:31:12,8.35,0.03999999999999915,8,6680.0,бРел
17,09:31:15,8.35,0.0,2,1670.0,бРел
18,09:31:27,8.31,-0.03999999999999915,157,130979.0,бТел
19,09:31:33,8.35,0.03999999999999915,25,20875.0,бРел
20,09:31:36,8.35,0.0,15,12532.0,бТел
21,09:31:42,8.35,0.0,25,20894.0,бТел
22,09:31:45,8.34,-0.009999999999999787,56,46772.0,бТел
23,09:31:48,8.37,0.02999999999999936,6,5019.0,бРел
24,09:31:51,8.35,-0.019999999999999574,9,7515.0,бТел
25,09:31:54,8.38,0.030000000000001137,5,4189.0,бРел
26,09:32:06,8.35,-0.030000000000001137,8,6680.0,бТел
27,09:32:09,8.35,0.0,38,31730.0,бТел
28,09:32:12,8.35,0.0,2,1670.0,бТел
29,09:32:15,8.35,0.0,3,2505.0,жпптел
30,09:32:18,8.35,0.0,1,835.0,бТел
31,09:32:27,8.34,-0.009999999999999787,5,4174.0,бТел
32,09:32:30,8.35,0.009999999999999787,6,5010.0,жпптел
33,09:32:39,8.33,-0.019999999999999574,46,38378.0,бТел
34,09:32:45,8.34,0.009999999999999787,2,1668.0,бТел
35,09:32:51,8.34,0.0,4,3336.0,жпптел
36,09:33:06,8.35,0.009999999999999787,29,24215.0,бТел
37,09:33:09,8.35,0.0,3,2505.0,бТел
38,09:33:18,8.37,0.019999999999999574,30,25110.0,бРел
39,09:33:27,8.35,-0.019999999999999574,4,3340.0,бТел
40,09:33:39,8.35,0.0,32,26750.0,бТел
41,09:33:42,8.35,0.0,3,2505.0,бТел
42,09:33:48,8.35,0.0,4,3340.0,бТел
43,09:33:51,8.35,0.0,1,835.0,бТел
44,09:33:57,8.35,0.0,4,3340.0,бТел
45,09:34:00,8.34,-0.009999999999999787,12,10011.0,бТел
46,09:34:06,8.34,0.0,33,27548.0,бТел
47,09:34:09,8.34,0.0,6,5007.0,бТел
48,09:34:12,8.34,0.0,4,3345.0,бТел
49,09:34:39,8.34,0.0,2,1668.0,бТел
50,09:34:42,8.34,0.0,18,15012.0,бТел
51,09:35:09,8.34,0.0,20,16680.0,бТел
52,09:35:12,8.34,0.0,15,12510.0,бТел
53,09:35:33,8.34,0.0,22,18348.0,бТел
54,09:35:39,8.34,0.0,20,16680.0,бТел
55,09:36:06,8.34,0.0,4,3336.0,бТел
56,09:36:09,8.34,0.0,16,13344.0,бТел
57,09:36:27,8.34,0.0,9,7506.0,бТел
58,09:36:30,8.37,0.02999999999999936,1,837.0,бРел
59,09:36:33,8.37,0.0,2,1674.0,бРел
60,09:36:39,8.34,-0.02999999999999936,21,17514.0,бТел
61,09:36:42,8.37,0.02999999999999936,1,837.0,бРел
62,09:36:45,8.37,0.0,7,5859.0,бРел
63,09:36:54,8.34,-0.02999999999999936,3,2502.0,бТел
64,09:37:09,8.34,0.0,19,15846.0,бТел
65,09:37:27,8.34,0.0,32,26688.0,бТел
66,09:37:39,8.35,0.009999999999999787,21,17535.0,бТел
67,09:37:48,8.36,0.009999999999999787,1,836.0,бРел
68,09:37:54,8.36,0.0,3,2508.0,бТел
69,09:38:00,8.36,0.0,3,2508.0,бТел
70,09:38:06,8.36,0.0,1,836.0,бРел
71,09:38:09,8.35,-0.009999999999999787,10,8351.0,бТел
72,09:38:12,8.35,0.0,1,835.0,бРел
73,09:38:18,8.35,0.0,2,1670.0,бРел
74,09:38:30,8.35,0.0,3,2505.0,бРел
75,09:38:33,8.35,0.0,1,835.0,бТел
76,09:38:42,8.35,0.0,20,16700.0,бТел
77,09:39:09,8.35,0.0,18,15030.0,бТел
78,09:39:15,8.35,0.0,2,1670.0,бТел
79,09:39:39,8.35,0.0,5,4175.0,бТел
80,09:39:42,8.35,0.0,15,12525.0,бТел
81,09:40:15,8.35,0.0,20,16700.0,бТел
82,09:40:39,8.35,0.0,3,2505.0,бТел
83,09:40:42,8.35,0.0,19,15865.0,бТел
84,09:40:54,8.36,0.009999999999999787,3,2508.0,бТел
85,09:41:00,8.36,0.0,2,1672.0,бТел
86,09:41:03,8.36,0.0,9,7524.0,бТел
87,09:41:06,8.36,0.0,6,5016.0,бТел
88,09:41:12,8.36,0.0,6,5016.0,бТел
89,09:41:15,8.36,0.0,6,5016.0,бРел
90,09:41:18,8.36,0.0,12,10032.0,бРел
91,09:41:24,8.36,0.0,5,4180.0,бТел
92,09:41:27,8.36,0.0,5,4180.0,бРел
93,09:41:30,8.38,0.02000000000000135,112,93757.19999999995,бРел
94,09:41:42,8.36,-0.02000000000000135,20,16720.0,бТел
95,09:41:51,8.36,0.0,5,4180.0,бТел
96,09:41:54,8.38,0.02000000000000135,15,12560.0,бРел
97,09:42:03,8.38,0.0,10,8380.0,бРел
98,09:42:09,8.36,-0.02000000000000135,1,836.0,бТел
99,09:42:12,8.36,0.0,1,836.0,бТел
100,09:42:15,8.36,0.0,6,5016.0,бРел
101,09:42:18,8.36,0.0,6,5016.0,бРел
102,09:42:21,8.36,0.0,4,3344.0,бРел
103,09:42:30,8.35,-0.009999999999999787,5,4175.0,бТел
104,09:42:33,8.35,0.0,7,5845.0,бТел
105,09:42:36,8.35,0.0,6,5010.0,бТел
106,09:42:39,8.35,0.0,1,835.0,бТел
107,09:42:42,8.35,0.0,9,7515.0,бТел
108,09:42:48,8.34,-0.009999999999999787,105,87575.0,бТел
109,09:42:51,8.35,0.009999999999999787,5,4175.0,бРел
110,09:42:54,8.35,0.0,1,835.0,бРел
111,09:43:15,8.34,-0.009999999999999787,19,15846.0,бТел
112,09:43:36,8.35,0.009999999999999787,18,15030.0,бРел
113,09:43:42,8.34,-0.009999999999999787,31,25876.0,бТел
114,09:44:15,8.35,0.009999999999999787,39,32545.0,бРел
115,09:44:21,8.34,-0.009999999999999787,156,130140.0,бТел
116,09:44:24,8.35,0.009999999999999787,12,10020.0,бРел
117,09:44:30,8.35,0.0,3,2505.0,бРел
118,09:44:33,8.33,-0.019999999999999574,13,10835.0,бТел
119,09:44:42,8.33,0.0,95,79210.0,бТел
120,09:45:15,8.33,0.0,110,91816.0,бТел
121,09:45:18,8.36,0.02999999999999936,8,6688.0,бРел
122,09:45:21,8.36,0.0,2,1672.0,бРел
123,09:45:24,8.36,0.0,1,1504.8000000000466,бРел
124,09:45:33,8.37,0.009999999999999787,1,837.0,бРел
125,09:45:36,8.37,0.0,1,837.0,жпптел
126,09:45:42,8.36,-0.009999999999999787,11,9363.199999999953,бТел
127,09:45:48,8.35,-0.009999999999999787,3,2505.0,жпптел
128,09:45:51,8.33,-0.019999999999999574,2,1666.0,бТел
129,09:46:09,8.33,0.0,55,45815.0,бТел
130,09:46:12,8.32,-0.009999999999999787,20,16640.0,бТел
131,09:46:42,8.32,0.0,20,16640.0,бТел
132,09:47:06,8.34,0.019999999999999574,1,834.0,бРел
133,09:47:09,8.34,0.0,29,24186.0,бРел
134,09:47:12,8.32,-0.019999999999999574,21,17472.0,бТел
135,09:47:15,8.35,0.02999999999999936,5,4175.0,бРел
136,09:47:33,8.35,0.0,1,835.0,бРел
137,09:47:42,8.32,-0.02999999999999936,19,15808.0,бТел
138,09:48:12,8.33,0.009999999999999787,19,15827.0,бТел
139,09:48:18,8.33,0.0,2,1666.0,бРел
140,09:48:42,8.33,0.0,15,12495.0,бТел
141,09:48:51,8.33,0.0,4,3332.0,бРел
142,09:49:12,8.32,-0.009999999999999787,3,2496.0,бТел
143,09:49:15,8.32,0.0,17,14144.0,бТел
144,09:49:39,8.33,0.009999999999999787,17,14161.0,бТел
145,09:49:42,8.33,0.0,14,11662.0,бТел
146,09:49:45,8.35,0.019999999999999574,59,49253.0,бРел
147,09:50:15,8.33,-0.019999999999999574,20,16660.0,бТел
148,09:50:30,8.35,0.019999999999999574,27,22545.0,бРел
149,09:50:33,8.34,-0.009999999999999787,9,7506.0,бТел
150,09:50:36,8.34,0.0,4,3339.0,бТел
151,09:50:48,8.34,0.0,119,99246.00000000023,бТел
152,09:50:54,8.34,0.0,2,1668.0,бРел
153,09:51:06,8.35,0.009999999999999787,2,1670.0,бРел
154,09:51:15,8.34,-0.009999999999999787,19,15846.0,бТел
155,09:51:39,8.35,0.009999999999999787,1,835.0,бРел
156,09:51:45,8.34,-0.009999999999999787,1,834.0,бТел
157,09:51:48,8.34,0.0,19,15846.0,бТел
158,09:52:15,8.34,0.0,21,17514.0,бТел
159,09:52:48,8.34,0.0,19,15846.0,бТел
160,09:53:15,8.34,0.0,21,17514.0,бТел
161,09:53:48,8.34,0.0,20,16680.0,бТел
162,09:54:15,8.34,0.0,20,16680.0,бТел
163,09:54:18,8.35,0.009999999999999787,9,7515.0,бРел
164,09:54:30,8.35,0.0,7,5845.0,бРел
165,09:54:33,8.35,0.0,4,3340.0,бРел
166,09:54:36,8.35,0.0,12,10020.0,бРел
167,09:54:42,8.35,0.0,23,19205.0,бРел
168,09:54:48,8.34,-0.009999999999999787,20,16680.0,бТел
169,09:55:03,8.35,0.009999999999999787,3,2505.0,бРел
170,09:55:15,8.34,-0.009999999999999787,20,16680.0,бТел
171,09:55:21,8.35,0.009999999999999787,5,4175.0,бРел
172,09:55:48,8.35,0.0,5,4175.0,бТел
173,09:55:54,8.35,0.0,1,835.0,бРел
174,09:55:57,8.34,-0.009999999999999787,134,111756.0,бТел
175,09:56:06,8.34,0.0,5,4170.0,бРел
176,09:56:09,8.34,0.0,8,6872.159999999683,бРел
177,09:56:15,8.34,0.0,20,16680.0,бТел
178,09:56:21,8.35,0.009999999999999787,1,835.0,бРел
179,09:56:45,8.34,-0.009999999999999787,13,10842.0,бТел
180,09:57:03,8.36,0.019999999999999574,2,1672.0,бРел
181,09:57:09,8.34,-0.019999999999999574,80,66720.0,бТел
182,09:57:12,8.35,0.009999999999999787,2,1670.0,бРел
183,09:57:15,8.34,-0.009999999999999787,3,2502.0,бТел
184,09:57:21,8.35,0.009999999999999787,1,835.0,бРел
185,09:57:42,8.35,0.0,1,835.0,бРел
186,09:57:45,8.34,-0.009999999999999787,3,2502.0,бТел
187,09:58:15,8.34,0.0,2,1668.0,бТел
188,09:58:45,8.34,0.0,1,834.0,бТел
189,09:59:12,8.36,0.019999999999999574,6,5016.0,бРел
190,09:59:18,8.36,0.0,2,1672.0,бРел
191,09:59:48,8.36,0.0,1,836.0,бРел
192,10:00:33,8.35,-0.009999999999999787,4,3341.0,бТел
193,10:01:03,8.35,0.0,1,835.0,бТел
194,10:01:06,8.35,0.0,1,835.0,бТел
195,10:01:09,8.35,0.0,1,835.0,бТел
196,10:01:12,8.35,0.0,1,835.0,бТел
197,10:01:57,8.35,0.0,2,1670.0,бТел
198,10:02:30,8.36,0.009999999999999787,1,836.0,бРел
199,10:02:54,8.36,0.0,2,1672.0,бРел
200,10:02:57,8.36,0.0,3,2508.0,бРел
201,10:03:00,8.36,0.0,1,836.0,бРел
202,10:03:06,8.36,0.0,2,1672.0,бРел
203,10:03:09,8.36,0.0,2,1672.0,бРел
204,10:03:18,8.36,0.0,227,189772.0,бРел
205,10:03:24,8.37,0.009999999999999787,1,837.0,бРел
206,10:03:27,8.37,0.0,13,10881.0,бРел
207,10:03:30,8.37,0.0,3,2511.0,бРел
208,10:03:33,8.37,0.0,8,6696.0,бРел
209,10:03:36,8.37,0.0,6,5022.0,бРел
210,10:03:39,8.37,0.0,14,11718.0,бРел
211,10:03:42,8.37,0.0,1,837.0,бРел
212,10:03:48,8.37,0.0,10,8370.0,бРел
213,10:03:51,8.37,0.0,3,2511.0,бРел
214,10:03:54,8.37,0.0,1,837.0,бРел
215,10:04:18,8.38,0.010000000000001563,100,83800.0,бРел
216,10:04:24,8.38,0.0,1,838.0,бРел
217,10:04:27,8.38,0.0,1,838.0,бРел
218,10:04:30,8.38,0.0,2,1676.0,бРел
219,10:04:36,8.38,0.0,38,31844.0,бРел
220,10:04:42,8.39,0.009999999999999787,1,839.0,бРел
221,10:04:45,8.39,0.0,64,53696.0,бРел
222,10:04:57,8.41,0.019999999999999574,9,7562.0,бРел
223,10:05:06,8.4,-0.009999999999999787,50,42000.0,бТел
224,10:05:18,8.4,0.0,14,11760.0,бТел
225,10:05:27,8.39,-0.009999999999999787,1,839.0,бТел
226,10:05:30,8.39,0.0,81,67959.0,бТел
227,10:05:45,8.37,-0.02000000000000135,6,5023.0,бТел
228,10:05:57,8.37,0.0,1,837.0,бТел
229,10:06:27,8.37,0.0,1,837.0,бТел
230,10:06:57,8.36,-0.009999999999999787,1,836.0,бТел
231,10:07:09,8.38,0.02000000000000135,5,4190.0,бРел
232,10:07:15,8.38,0.0,1,838.0,бРел
233,10:07:18,8.38,0.0,1,838.0,бРел
234,10:07:21,8.38,0.0,19,15922.0,бРел
235,10:07:24,8.38,0.0,2,1676.0,бРел
236,10:07:27,8.38,0.0,1,838.0,бТел
237,10:07:54,8.38,0.0,50,41900.0,бТел
238,10:07:57,8.38,0.0,1,838.0,бТел
239,10:08:15,8.39,0.009999999999999787,1,839.0,бРел
240,10:08:21,8.38,-0.009999999999999787,80,67040.0,бТел
241,10:08:27,8.38,0.0,1,838.0,бТел
242,10:08:42,8.39,0.009999999999999787,1,839.0,бРел
243,10:08:57,8.38,-0.009999999999999787,1,838.0,бТел
244,10:09:09,8.38,0.0,15,12570.0,бТел
245,10:09:12,8.38,0.0,10,8380.0,бРел
246,10:09:18,8.38,0.0,2,1676.0,бРел
247,10:09:27,8.35,-0.030000000000001137,908,758684.0,бТел
248,10:09:30,8.39,0.040000000000000924,59,49499.0,бРел
249,10:09:57,8.35,-0.040000000000000924,2,1670.0,бТел
250,10:10:09,8.35,0.0,8,6680.0,бТел
251,10:10:24,8.36,0.009999999999999787,100,83600.0,жпптел
252,10:10:27,8.35,-0.009999999999999787,1,835.0,бТел
253,10:10:57,8.35,0.0,1,835.0,бТел
254,10:11:27,8.36,0.009999999999999787,1,836.0,бТел
255,10:11:51,8.36,0.0,10,8360.0,бТел
256,10:12:00,8.36,0.0,1,836.0,бТел
257,10:12:09,8.39,0.030000000000001137,31,26009.000000000466,бРел
258,10:12:12,8.39,0.0,19,15941.0,бРел
259,10:12:15,8.36,-0.030000000000001137,9,7524.0,бТел
260,10:12:18,8.39,0.030000000000001137,2,1678.0,бРел
261,10:12:27,8.36,-0.030000000000001137,3,2514.0,бТел
262,10:12:36,8.36,0.0,3,2508.0,бТел
263,10:13:00,8.36,0.0,1,836.0,бТел
264,10:13:27,8.36,0.0,1,836.0,бТел
265,10:13:39,8.36,0.0,6,5016.0,бТел
266,10:13:42,8.36,0.0,5,4180.0,бТел
267,10:13:45,8.36,0.0,3,2508.0,бТел
268,10:14:00,8.36,0.0,12,10032.0,бТел
269,10:14:03,8.36,0.0,1,836.0,бТел
270,10:14:18,8.38,0.02000000000000135,1,838.0,бРел
271,10:14:24,8.38,0.0,3,2515.0,бТел
272,10:14:27,8.38,0.0,1,838.0,бТел
273,10:14:30,8.39,0.009999999999999787,4,3356.0,бРел
274,10:14:33,8.38,-0.009999999999999787,7,5866.0,бТел
275,10:14:36,8.38,0.0,150,125700.0,бРел
276,10:14:57,8.37,-0.010000000000001563,2,1674.0,бТел
277,10:15:00,8.38,0.010000000000001563,4,3352.0,бРел
278,10:15:03,8.37,-0.010000000000001563,2,1674.0,бТел
279,10:15:15,8.37,0.0,3,2511.0,бТел
280,10:15:30,8.37,0.0,2,1674.0,бТел
281,10:15:33,8.38,0.010000000000001563,57,47765.0,бРел
282,10:15:39,8.38,0.0,9,7543.0,бТел
283,10:16:03,8.37,-0.010000000000001563,1,837.0,бТел
284,10:16:06,8.37,0.0,112,93744.0,бТел
285,10:16:09,8.38,0.010000000000001563,132,110528.0,бРел
286,10:16:33,8.37,-0.010000000000001563,9,7533.0,бТел
287,10:16:51,8.38,0.010000000000001563,1,838.0,бРел
288,10:17:00,8.38,0.0,4,3352.0,бРел
289,10:17:06,8.37,-0.010000000000001563,1,837.0,бТел
290,10:17:33,8.37,0.0,1,837.0,бТел
291,10:18:00,8.38,0.010000000000001563,5,4190.0,бРел
292,10:18:03,8.37,-0.010000000000001563,1,837.0,бТел
293,10:18:06,8.37,0.0,7,5859.0,бТел
294,10:18:09,8.37,0.0,5,4185.0,бТел
295,10:18:27,8.38,0.010000000000001563,1,838.0,бРел
296,10:18:33,8.37,-0.010000000000001563,1,837.0,бТел
297,10:19:00,8.38,0.010000000000001563,75,62850.0,бРел
298,10:19:03,8.37,-0.010000000000001563,2,1675.0,бТел
299,10:19:09,8.38,0.010000000000001563,18,15084.0,бРел
300,10:19:12,8.38,0.0,5,4190.0,бТел
301,10:19:15,8.38,0.0,3,2514.0,бТел
302,10:19:33,8.38,0.0,1,838.0,бТел
303,10:20:03,8.38,0.0,1,838.0,бТел
304,10:20:12,8.38,0.0,5,4190.0,бТел
305,10:20:18,8.38,0.0,10,8380.0,бТел
306,10:20:27,8.38,0.0,5,4190.0,бРел
307,10:20:33,8.38,0.0,2,1676.0,бТел
308,10:20:57,8.39,0.009999999999999787,4,3356.0,бРел
309,10:21:03,8.38,-0.009999999999999787,2,1677.0,бТел
310,10:21:06,8.38,0.0,7,5866.0,бТел
311,10:21:12,8.38,0.0,2,1676.0,бРел
312,10:21:24,8.38,0.0,2,1676.0,бРел
313,10:21:27,8.38,0.0,1,838.0,бРел
314,10:21:36,8.37,-0.010000000000001563,1,837.0,бТел
315,10:22:06,8.37,0.0,1,837.0,бТел
316,10:22:18,8.38,0.010000000000001563,39,32682.0,бРел
317,10:22:36,8.37,-0.010000000000001563,1,837.0,бТел
318,10:22:42,8.38,0.010000000000001563,5,4190.0,бРел
319,10:22:57,8.38,0.0,3,2514.0,бРел
320,10:23:06,8.37,-0.010000000000001563,1,837.0,бТел
321,10:23:33,8.37,0.0,58,48546.0,бТел
322,10:23:51,8.37,0.0,8,6696.0,бРел
323,10:23:54,8.37,0.0,12,10044.0,бРел
324,10:24:06,8.37,0.0,1,837.0,бТел
325,10:24:39,8.36,-0.009999999999999787,1,836.0,бТел
326,10:24:45,8.37,0.009999999999999787,1,837.0,бРел
327,10:24:48,8.37,0.0,4,3348.0,бРел
328,10:24:54,8.37,0.0,1,837.0,бРел
329,10:25:00,8.37,0.0,5,4185.0,бТел
330,10:25:06,8.36,-0.009999999999999787,1,836.0,бТел
331,10:25:36,8.36,0.0,20,16720.0,бТел
332,10:25:39,8.35,-0.009999999999999787,438,366167.0,бТел
333,10:25:45,8.36,0.009999999999999787,42,35112.0,бРел
334,10:25:48,8.35,-0.009999999999999787,88,73480.0,бТел
335,10:25:57,8.35,0.0,70,58450.0,бТел
336,10:26:03,8.35,0.0,4,3340.0,бТел
337,10:26:06,8.36,0.009999999999999787,1,836.0,бРел
338,10:26:09,8.35,-0.009999999999999787,2,1670.0,бТел
339,10:26:27,8.36,0.009999999999999787,1,836.0,бРел
340,10:26:36,8.36,0.0,21,17556.0,бРел
341,10:26:42,8.36,0.0,7,5851.0,бРел
342,10:27:09,8.35,-0.009999999999999787,1,835.0,бТел
343,10:27:18,8.36,0.009999999999999787,4,3344.0,бРел
344,10:27:24,8.36,0.0,1,836.0,бТел
345,10:27:30,8.36,0.0,1,836.0,бТел
346,10:27:42,8.35,-0.009999999999999787,1,835.0,бТел
347,10:28:09,8.35,0.0,1,835.0,бТел
348,10:28:27,8.37,0.019999999999999574,4,3348.0,бРел
349,10:28:30,8.35,-0.019999999999999574,14,11690.0,бТел
350,10:28:42,8.35,0.0,1,835.0,бТел
351,10:28:51,8.37,0.019999999999999574,107,89559.0,бРел
352,10:28:57,8.37,0.0,1,837.0,бТел
353,10:29:09,8.37,0.0,130,108810.0,бТел
354,10:29:21,8.36,-0.009999999999999787,1,836.0,бТел
355,10:29:39,8.36,0.0,59,49329.0,бТел
356,10:29:45,8.36,0.0,31,25916.0,бРел
357,10:29:51,8.36,0.0,15,12540.0,бРел
358,10:29:57,8.36,0.0,3,2508.0,бРел
359,10:30:00,8.36,0.0,1,836.0,бРел
360,10:30:09,8.35,-0.009999999999999787,1,835.0,бТел
361,10:30:12,8.36,0.009999999999999787,2,1672.0,бРел
362,10:30:15,8.36,0.0,2,1672.0,бРел
363,10:30:18,8.36,0.0,1,836.0,жпптел
364,10:30:27,8.36,0.0,1,836.0,бТел
365,10:30:39,8.35,-0.009999999999999787,2,1670.0,бТел
366,10:30:48,8.36,0.009999999999999787,1,836.0,бРел
367,10:31:54,8.36,0.0,37,30932.0,бРел
368,10:31:57,8.36,0.0,5,4180.0,бРел
369,10:32:00,8.36,0.0,85,71060.0,бРел
370,10:32:12,8.36,0.0,8,6688.0,бРел
371,10:32:15,8.36,0.0,11,9196.0,бРел
372,10:32:21,8.36,0.0,3,2508.0,бРел
373,10:32:24,8.35,-0.009999999999999787,1,835.0,бТел
374,10:33:06,8.36,0.009999999999999787,5,4180.0,бРел
375,10:34:18,8.36,0.0,3,2508.0,бРел
376,10:34:27,8.36,0.0,1,836.0,бТел
377,10:35:27,8.37,0.009999999999999787,6,5022.0,бРел
378,10:35:39,8.36,-0.009999999999999787,58,48488.0,бТел
379,10:35:57,8.36,0.0,6,5016.0,бТел
380,10:36:33,8.36,0.0,20,16720.0,бТел
381,10:36:36,8.37,0.009999999999999787,2,1674.0,бРел
382,10:36:54,8.36,-0.009999999999999787,1,836.0,бТел
383,10:37:03,8.37,0.009999999999999787,235,196695.0,бРел
384,10:37:12,8.37,0.0,13,10881.0,бРел
385,10:37:21,8.38,0.010000000000001563,300,251389.0,бРел
386,10:37:39,8.38,0.0,144,120672.0,бРел
387,10:37:45,8.39,0.009999999999999787,5,4195.0,бРел
388,10:37:48,8.39,0.0,13,10907.0,бРел
389,10:37:54,8.38,-0.009999999999999787,15,12570.0,бТел
390,10:38:51,8.38,0.0,6,5028.0,бТел
391,10:38:54,8.38,0.0,1,838.0,бТел
392,10:38:57,8.39,0.009999999999999787,5,4195.0,бРел
393,10:39:39,8.38,-0.009999999999999787,65,54470.0,бТел
394,10:40:09,8.38,0.0,4,3352.0,бРел
395,10:40:18,8.38,0.0,1,838.0,бРел
396,10:40:51,8.36,-0.02000000000000135,100,83600.0,бТел
397,10:41:15,8.38,0.02000000000000135,5,4190.0,бРел
398,10:41:27,8.36,-0.02000000000000135,1,836.0,бТел
399,10:42:24,8.38,0.02000000000000135,5,4190.0,бРел
400,10:43:12,8.36,-0.02000000000000135,100,83600.0,бТел
401,10:43:27,8.36,0.0,1,836.0,бТел
402,10:43:33,8.36,0.0,1,836.0,бТел
403,10:43:36,8.38,0.02000000000000135,1,838.0,бРел
404,10:43:39,8.36,-0.02000000000000135,2,1672.0,бТел
405,10:43:45,8.36,0.0,2,1672.0,бТел
406,10:44:45,8.38,0.02000000000000135,2,1676.0,бРел
407,10:45:30,8.37,-0.010000000000001563,4,3348.0,бРел
408,10:45:42,8.38,0.010000000000001563,21,17598.0,бРел
409,10:45:57,8.38,0.0,5,4190.0,бРел
410,10:46:00,8.37,-0.010000000000001563,1,837.0,бТел
411,10:46:03,8.37,0.0,2,1674.0,бТел
412,10:46:33,8.37,0.0,20,16740.0,бТел
413,10:46:45,8.37,0.0,2,1674.0,бТел
414,10:47:06,8.37,0.0,7,5859.0,бТел
415,10:48:03,8.37,0.0,1,837.0,бТел
416,10:48:15,8.38,0.010000000000001563,4,3352.0,бРел
417,10:48:27,8.37,-0.010000000000001563,2,1674.0,бТел
418,10:48:57,8.35,-0.019999999999999574,8,6680.0,бТел
419,10:49:24,8.38,0.030000000000001137,3,2514.0,бРел
420,10:49:39,8.35,-0.030000000000001137,5,4175.0,бТел
421,10:49:42,8.35,0.0,1,835.0,бТел
422,10:49:51,8.35,0.0,5,4175.0,бТел
423,10:49:54,8.35,0.0,2,1670.0,бТел
424,10:50:03,8.35,0.0,11,9185.0,бТел
425,10:50:06,8.35,0.0,13,10855.0,бТел
426,10:50:09,8.35,0.0,2,1670.0,бТел
427,10:50:30,8.35,0.0,1,835.0,бТел
428,10:50:33,8.38,0.030000000000001137,5,4190.0,бРел
429,10:50:48,8.35,-0.030000000000001137,8,6680.0,бТел
430,10:51:21,8.38,0.030000000000001137,2,1676.0,бРел
431,10:51:27,8.38,0.0,21,17598.0,бРел
432,10:51:36,8.39,0.009999999999999787,93,78027.0,бРел
433,10:51:48,8.39,0.0,17,14268.0,бТел
434,10:51:51,8.39,0.0,99,83061.0,бТел
435,10:52:30,8.38,-0.009999999999999787,1,838.0,бТел
436,10:52:39,8.35,-0.030000000000001137,700,584615.0,бТел
437,10:52:57,8.39,0.040000000000000924,1,839.0,бРел
438,10:53:39,8.35,-0.040000000000000924,40,33400.0,бТел
439,10:53:48,8.35,0.0,82,68470.0,бТел
440,10:53:51,8.35,0.0,8,6680.0,бРел
441,10:53:54,8.35,0.0,10,8350.0,бРел
442,10:54:03,8.39,0.040000000000000924,1,839.0,бРел
443,10:54:27,8.35,-0.040000000000000924,100,83500.0,бТел
444,10:54:54,8.39,0.040000000000000924,145,121255.0,бРел
445,10:55:03,8.35,-0.040000000000000924,1,835.0,бТел
446,10:55:12,8.38,0.030000000000001137,1,838.0,жпптел
447,10:56:18,8.35,-0.030000000000001137,100,83500.0,бТел
448,10:56:24,8.38,0.030000000000001137,1,838.0,бРел
449,10:57:33,8.35,-0.030000000000001137,6,5025.0,бТел
450,10:58:45,8.38,0.030000000000001137,5,4190.0,бРел
451,10:58:48,8.35,-0.030000000000001137,100,83505.0,бТел
452,10:59:24,8.35,0.0,200,166999.99999999907,бТел
453,10:59:36,8.35,0.0,1,835.0,бТел
454,10:59:54,8.38,0.030000000000001137,1,838.0,бРел
455,11:01:03,8.38,0.0,5,4190.0,бРел
456,11:01:24,8.36,-0.02000000000000135,6,5016.0,бТел
457,11:01:30,8.36,0.0,6,5016.0,бРел
458,11:02:06,8.36,0.0,1,836.0,бТел
459,11:02:12,8.38,0.02000000000000135,5,4190.0,бРел
460,11:02:57,8.35,-0.030000000000001137,100,83500.0,бТел
461,11:03:21,8.38,0.030000000000001137,5,4190.0,бРел
462,11:04:00,8.35,-0.030000000000001137,150,125254.0,бТел
463,11:04:06,8.35,0.0,1,835.0,бТел
464,11:04:36,8.37,0.019999999999999574,3,2511.0,бРел
465,11:04:39,8.37,0.0,1,837.0,бТел
466,11:04:45,8.36,-0.009999999999999787,1,836.0,бТел
467,11:04:51,8.36,0.0,3,2508.0,бТел
468,11:05:09,8.36,0.0,1,836.0,бРел
469,11:05:15,8.35,-0.009999999999999787,41,34235.0,бТел
470,11:05:21,8.35,0.0,1,835.0,бРел
471,11:05:30,8.35,0.0,2,1670.0,бРел
472,11:05:36,8.35,0.0,1,835.0,бРел
473,11:05:42,8.36,0.009999999999999787,1,836.0,бРел
474,11:06:39,8.35,-0.009999999999999787,1,835.0,бТел
475,11:06:51,8.37,0.019999999999999574,5,4185.0,бРел
476,11:08:03,8.37,0.0,5,4185.0,бРел
477,11:08:39,8.35,-0.019999999999999574,1,835.0,бТел
478,11:09:15,8.37,0.019999999999999574,5,4185.0,бРел
479,11:10:09,8.37,0.0,10,8370.0,бРел
480,11:10:21,8.37,0.0,5,4185.0,бРел
481,11:10:24,8.36,-0.009999999999999787,4,3344.0,бТел
482,11:10:27,8.36,0.0,2,1672.0,бТел
483,11:10:30,8.36,0.0,2,1672.0,бТел
484,11:10:57,8.35,-0.009999999999999787,200,167009.0,бТел
485,11:11:12,8.35,0.0,1,835.0,бТел
486,11:11:27,8.37,0.019999999999999574,2,1674.0,бРел
487,11:11:30,8.37,0.0,10,8352.0,бРел
488,11:11:48,8.35,-0.019999999999999574,200,167000.0,бТел
489,11:11:51,8.38,0.030000000000001137,31,25955.0,бРел
490,11:11:54,8.35,-0.030000000000001137,3,2505.0,бТел
491,11:12:39,8.38,0.030000000000001137,3,2514.0,бРел
492,11:12:48,8.38,0.0,5,4188.0,бРел
493,11:13:15,8.36,-0.02000000000000135,1,836.0,бТел
494,11:13:18,8.38,0.02000000000000135,37,31006.0,бРел
495,11:13:24,8.38,0.0,7,5866.0,бТел
496,11:13:30,8.37,-0.010000000000001563,1,837.0,бРел
497,11:13:51,8.36,-0.009999999999999787,2,1672.0,бТел
498,11:14:12,8.37,0.009999999999999787,4,3348.0,бРел
499,11:14:45,8.36,-0.009999999999999787,50,41800.0,бТел
500,11:15:42,8.36,0.0,1,836.0,бТел
501,11:15:57,8.35,-0.009999999999999787,100,83503.0,бТел
502,11:17:42,8.36,0.009999999999999787,1,836.0,бТел
503,11:17:57,8.35,-0.009999999999999787,8,6680.0,бТел
504,11:18:48,8.35,0.0,4,3340.0,бТел
505,11:20:03,8.37,0.019999999999999574,2,1674.0,бРел
506,11:20:12,8.37,0.0,1,837.0,бТел
507,11:20:18,8.38,0.010000000000001563,5,4190.0,бРел
508,11:20:30,8.38,0.0,55,46090.0,бРел
509,11:20:36,8.38,0.0,61,51106.0,бТел
510,11:21:18,8.38,0.0,100,83800.0,бТел
511,11:21:45,8.38,0.0,103,86314.0,бТел
512,11:25:09,8.37,-0.010000000000001563,96,80352.0,бТел
513,11:26:24,8.37,0.0,1,837.0,бТел
514,11:26:36,8.37,0.0,1,837.0,бТел
515,13:00:09,8.37,0.0,14,11730.0,бТел
516,13:00:12,8.37,0.0,1,837.0,бТел
517,13:00:21,8.37,0.0,1,837.0,бТел
518,13:00:24,8.37,0.0,4,3349.0,бТел
519,13:00:27,8.37,0.0,1,837.0,бТел
520,13:00:30,8.37,0.0,3,2511.0,бТел
521,13:00:33,8.37,0.0,1,837.0,бТел
522,13:00:36,8.37,0.0,1,837.0,бТел
523,13:00:39,8.37,0.0,1,837.0,бТел
524,13:00:42,8.37,0.0,1,837.0,бТел
525,13:00:54,8.37,0.0,11,9207.0,бТел
526,13:01:00,8.38,0.010000000000001563,2,1676.0,бРел
527,13:01:06,8.38,0.0,1,838.0,бРел
528,13:01:09,8.38,0.0,1,838.0,бРел
529,13:01:51,8.38,0.0,1,838.0,бРел
530,13:02:06,8.38,0.0,1,838.0,бРел
531,13:02:12,8.38,0.0,1,838.0,бРел
532,13:02:18,8.38,0.0,1,838.0,бРел
533,13:02:24,8.38,0.0,1,838.0,бРел
534,13:02:36,8.38,0.0,1,838.0,бРел
535,13:02:39,8.38,0.0,1,838.0,бРел
536,13:03:09,8.38,0.0,1,838.0,бРел
537,13:03:12,8.38,0.0,1,838.0,бРел
538,13:03:27,8.38,0.0,1,838.0,бРел
539,13:04:03,8.37,-0.010000000000001563,9,7533.0,бРел
540,13:04:09,8.37,0.0,6,5022.0,бРел
541,13:04:15,8.37,0.0,1,837.0,бРел
542,13:04:39,8.36,-0.009999999999999787,1,836.0,бТел
543,13:05:36,8.37,0.009999999999999787,1,837.0,бРел
544,13:06:06,8.36,-0.009999999999999787,148,123728.0,бТел
545,13:06:12,8.37,0.009999999999999787,1,837.0,бРел
546,13:06:42,8.37,0.0,1,837.0,бРел
547,13:07:00,8.36,-0.009999999999999787,21,17556.0,бТел
548,13:07:54,8.36,0.0,3,2508.0,бРел
549,13:08:00,8.36,0.0,7,5852.0,бРел
550,13:08:06,8.36,0.0,2,1672.0,бРел
551,13:08:12,8.36,0.0,4,3344.0,бРел
552,13:08:18,8.36,0.0,5,4180.0,бРел
553,13:08:36,8.36,0.0,1,836.0,бРел
554,13:08:42,8.36,0.0,5,4180.0,бРел
555,13:09:57,8.36,0.0,2,1672.0,бРел
556,13:10:30,8.37,0.009999999999999787,8,6696.0,бРел
557,13:10:36,8.36,-0.009999999999999787,55,45985.0,бТел
558,13:11:06,8.37,0.009999999999999787,1,837.0,бРел
559,13:12:03,8.36,-0.009999999999999787,4,3344.0,бТел
560,13:12:09,8.36,0.0,5,4180.0,бРел
561,13:12:27,8.36,0.0,2,1672.0,бТел
562,13:13:12,8.36,0.0,1,836.0,бТел
563,13:13:45,8.36,0.0,1,836.0,бТел
564,13:14:21,8.37,0.009999999999999787,1,837.0,бРел
565,13:16:00,8.37,0.0,5,4185.0,бРел
566,13:16:30,8.37,0.0,1,837.0,бРел
567,13:17:36,8.37,0.0,1,837.0,бРел
568,13:18:33,8.36,-0.009999999999999787,2,1672.0,бТел
569,13:18:42,8.37,0.009999999999999787,1,837.0,бРел
570,13:19:00,8.36,-0.009999999999999787,24,20064.0,бТел
571,13:19:15,8.36,0.0,3,2508.0,жпптел
572,13:20:51,8.37,0.009999999999999787,1,837.0,бРел
573,13:21:45,8.36,-0.009999999999999787,1,836.0,бТел
574,13:21:57,8.37,0.009999999999999787,1,837.0,бРел
575,13:23:54,8.35,-0.019999999999999574,370,308952.0,бТел
576,13:24:03,8.35,0.0,63,52605.0,бРел
577,13:24:09,8.35,0.0,8,6680.0,бРел
578,13:24:12,8.34,-0.009999999999999787,27,22520.0,бТел
579,13:24:15,8.35,0.009999999999999787,29,24215.0,бРел
580,13:24:36,8.37,0.019999999999999574,33,27621.0,бРел
581,13:24:54,8.37,0.0,25,20925.0,бРел
582,13:25:12,8.37,0.0,8,6696.0,бТел
583,13:25:18,8.37,0.0,1,837.0,бРел
584,13:25:45,8.34,-0.02999999999999936,620,517247.0,бТел
585,13:26:27,8.33,-0.009999999999999787,580,483155.7599999998,бТел
586,13:29:39,8.37,0.03999999999999915,1,837.0,бРел
587,13:30:18,8.34,-0.02999999999999936,1,834.0,бТел
588,13:31:48,8.37,0.02999999999999936,1,837.0,бРел
589,13:32:15,8.35,-0.019999999999999574,4,3340.0,бТел
590,13:32:57,8.36,0.009999999999999787,1,836.0,бРел
591,13:33:12,8.36,0.0,19,15884.0,бРел
592,13:34:00,8.37,0.009999999999999787,1,837.0,бРел
593,13:34:24,8.36,-0.009999999999999787,11,9196.0,бТел
594,13:37:06,8.35,-0.009999999999999787,60,50100.0,бТел
595,13:37:09,8.35,0.0,22,18370.0,бТел
596,13:37:36,8.35,0.0,6,5010.0,бРел
597,13:37:54,8.35,0.0,6,5010.0,бРел
598,13:37:57,8.35,0.0,7,5845.0,бРел
599,13:38:45,8.35,0.0,7,5845.0,бРел
600,13:38:51,8.34,-0.009999999999999787,1,834.0,бТел
601,13:39:18,8.35,0.009999999999999787,3,2505.0,бРел
602,13:39:24,8.35,0.0,5,4175.0,бРел
603,13:39:36,8.35,0.0,148,123580.0,бРел
604,13:39:54,8.34,-0.009999999999999787,300,250238.0,бТел
605,13:40:18,8.36,0.019999999999999574,5,4180.0,бРел
606,13:40:30,8.36,0.0,1,836.0,бРел
607,13:41:09,8.34,-0.019999999999999574,14,12009.60000000149,бТел
608,13:41:39,8.36,0.019999999999999574,1,836.0,бРел
609,13:42:03,8.35,-0.009999999999999787,15,12525.0,бРел
610,13:42:42,8.36,0.009999999999999787,3,2508.0,бРел
611,13:42:48,8.36,0.0,4,3344.0,бРел
612,13:42:54,8.36,0.0,1,836.0,бРел
613,13:43:36,8.35,-0.009999999999999787,58,48430.0,бТел
614,13:43:48,8.35,0.0,2,1671.0,бТел
615,13:44:54,8.36,0.009999999999999787,1,836.0,бРел
616,13:45:54,8.35,-0.009999999999999787,14,11690.0,бТел
617,13:46:21,8.35,0.0,71,59285.0,бТел
618,13:47:03,8.34,-0.009999999999999787,12,10008.0,бТел
619,13:47:24,8.35,0.009999999999999787,1,835.0,бТел
620,13:48:03,8.34,-0.009999999999999787,14,11676.0,бТел
621,13:48:24,8.34,0.0,8,6672.0,бТел
622,13:48:27,8.34,0.0,5,4170.0,бТел
623,13:48:30,8.34,0.0,1,834.0,бТел
624,13:48:48,8.34,0.0,10,8340.0,бТел
625,13:48:51,8.34,0.0,2,1668.0,бТел
626,13:48:54,8.35,0.009999999999999787,2,1670.0,бРел
627,13:49:12,8.35,0.0,1,835.0,бРел
628,13:49:18,8.34,-0.009999999999999787,10,8341.0,бТел
629,13:49:24,8.35,0.009999999999999787,1,835.0,жпптел
630,13:50:18,8.34,-0.009999999999999787,14,11676.0,бТел
631,13:50:21,8.35,0.009999999999999787,1,835.0,бРел
632,13:51:12,8.34,-0.009999999999999787,13,10842.0,бТел
633,13:51:45,8.34,0.0,5,4170.0,бТел
634,13:51:54,8.34,0.0,13,10842.0,бТел
635,13:52:12,8.34,0.0,6,5004.0,бТел
636,13:52:30,8.35,0.009999999999999787,1,835.0,бРел
637,13:52:48,8.34,-0.009999999999999787,5,4170.0,бТел
638,13:52:54,8.34,0.0,2,1668.0,бТел
639,13:53:00,8.34,0.0,1,834.0,бТел
640,13:53:09,8.34,0.0,11,9174.0,бТел
641,13:53:12,8.34,0.0,0,366.9599999990314,бТел
642,13:53:24,8.34,0.0,2,1668.0,бТел
643,13:53:39,8.34,0.0,7,5838.0,бТел
644,13:53:57,8.34,0.0,11,9174.0,бТел
645,13:54:06,8.34,0.0,6,5004.0,бТел
646,13:54:30,8.34,0.0,177,147618.0,бТел
647,13:54:36,8.34,0.0,6,5004.0,бТел
648,13:54:48,8.34,0.0,6,5137.4399999994785,бТел
649,13:54:54,8.34,0.0,2,1668.0,бРел
650,13:55:03,8.34,0.0,3,2502.0,бРел
651,13:55:27,8.33,-0.009999999999999787,1,833.0,бТел
652,13:55:33,8.33,0.0,13,10829.0,бТел
653,13:55:48,8.34,0.009999999999999787,107,89938.56000000052,бРел
654,13:55:54,8.35,0.009999999999999787,9,7515.0,бРел
655,13:56:24,8.35,0.0,1,835.0,бРел
656,13:56:30,8.34,-0.009999999999999787,14,11676.0,бТел
657,13:56:33,8.35,0.009999999999999787,4,3340.0,бРел
658,13:56:36,8.35,0.0,2,1670.0,бРел
659,13:56:39,8.35,0.0,4,3340.0,бРел
660,13:56:42,8.35,0.0,6,5010.0,бРел
661,13:56:45,8.35,0.0,1,835.0,бРел
662,13:56:54,8.35,0.0,1,835.0,бРел
663,13:57:30,8.34,-0.009999999999999787,14,11676.0,бТел
664,13:58:00,8.34,0.0,6,5004.0,бТел
665,13:58:06,8.35,0.009999999999999787,5,4175.0,бРел
666,13:58:24,8.34,-0.009999999999999787,10,8340.0,бТел
667,13:58:27,8.34,0.0,10,8340.0,бТел
668,13:59:06,8.35,0.009999999999999787,1,835.0,бРел
669,13:59:09,8.35,0.0,10,8350.0,бРел
670,13:59:30,8.35,0.0,1,835.0,бРел
671,13:59:54,8.35,0.0,133,111055.0,бРел
672,14:00:00,8.35,0.0,11,9185.0,бРел
673,14:00:03,8.35,0.0,14,11690.0,бРел
674,14:00:09,8.35,0.0,8,6680.0,бРел
675,14:00:39,8.35,0.0,41,34235.0,бТел
676,14:00:45,8.35,0.0,89,74315.0,бРел
677,14:02:15,8.36,0.009999999999999787,5,4180.0,бРел
678,14:02:21,8.36,0.0,23,19228.0,бРел
679,14:02:27,8.36,0.0,3,2508.0,бРел
680,14:02:33,8.36,0.0,18,15048.0,бРел
681,14:02:39,8.36,0.0,2,1672.0,бРел
682,14:02:45,8.36,0.0,3,2508.0,бТел
683,14:02:54,8.37,0.009999999999999787,83,69471.0,бРел
684,14:03:09,8.36,-0.009999999999999787,13,10868.0,бТел
685,14:03:15,8.36,0.0,21,17556.0,бРел
686,14:03:18,8.36,0.0,5,4180.0,бРел
687,14:03:48,8.36,0.0,4,3511.2000000011176,бРел
688,14:03:57,8.36,0.0,1,836.0,бТел
689,14:04:57,8.37,0.009999999999999787,1,837.0,бРел
690,14:05:36,8.36,-0.009999999999999787,6,5016.0,бТел
691,14:07:06,8.37,0.009999999999999787,33,27621.0,бРел
692,14:07:15,8.38,0.010000000000001563,33,27638.0,бРел
693,14:08:30,8.35,-0.030000000000001137,7,5845.0,бТел
694,14:09:42,8.36,0.009999999999999787,5,4180.0,бРел
695,14:09:48,8.36,0.0,2,1672.0,бРел
696,14:10:15,8.36,0.0,1,836.0,бТел
697,14:10:18,8.37,0.009999999999999787,1,837.0,бРел
698,14:12:09,8.36,-0.009999999999999787,1,836.0,бТел
699,14:12:12,8.36,0.0,1,836.0,бТел
700,14:12:33,8.36,0.0,1,836.0,бТел
701,14:15:36,8.38,0.02000000000000135,170,142460.0,бРел
702,14:15:39,8.36,-0.02000000000000135,11,9196.0,бТел
703,14:16:51,8.36,0.0,3,2508.0,бТел
704,14:17:33,8.37,0.009999999999999787,1,837.0,бРел
705,14:17:39,8.37,0.0,3,2511.0,бТел
706,14:17:51,8.37,0.0,4,3348.0,бТел
707,14:17:57,8.37,0.0,3,2511.0,бРел
708,14:18:00,8.36,-0.009999999999999787,3,2510.0,бТел
709,14:19:03,8.38,0.02000000000000135,100,83800.0,бРел
710,14:19:06,8.37,-0.010000000000001563,20,16740.0,бТел
711,14:19:51,8.37,0.0,3,2511.0,бТел
712,14:20:09,8.37,0.0,10,8370.0,бТел
713,14:20:27,8.37,0.0,20,16740.0,бТел
714,14:20:30,8.37,0.0,30,25110.0,бТел
715,14:20:45,8.37,0.0,50,41850.0,бТел
716,14:20:51,8.37,0.0,14,11718.0,бТел
717,14:20:54,8.37,0.0,26,21762.0,бТел
718,14:20:57,8.36,-0.009999999999999787,15,12540.0,бТел
719,14:21:51,8.36,0.0,1,836.0,бТел
720,14:22:24,8.37,0.009999999999999787,1,837.0,бРел
721,14:22:30,8.36,-0.009999999999999787,6,5016.0,бТел
722,14:22:48,8.36,0.0,4,3344.0,бТел
723,14:23:15,8.36,0.0,65,54340.0,бТел
724,14:23:24,8.36,0.0,24,20064.0,бТел
725,14:23:51,8.35,-0.009999999999999787,1,835.0,бТел
726,14:24:12,8.35,0.0,112,93520.0,бТел
727,14:24:51,8.35,0.0,4,3340.0,бТел
728,14:25:15,8.36,0.009999999999999787,10,8360.0,бРел
729,14:25:33,8.36,0.0,1,836.0,бРел
730,14:25:51,8.35,-0.009999999999999787,1,835.0,бТел
731,14:26:48,8.35,0.0,4,3340.0,бТел
732,14:26:57,8.35,0.0,1,835.0,бТел
733,14:27:48,8.35,0.0,4,3340.0,бТел
734,14:27:57,8.36,0.009999999999999787,36,30096.0,бРел
735,14:29:27,8.36,0.0,60,50160.0,бТел
736,14:29:48,8.35,-0.009999999999999787,4,3340.0,бТел
737,14:30:12,8.35,0.0,3,2505.0,бТел
738,14:30:27,8.36,0.009999999999999787,8,6688.0,бРел
739,14:31:00,8.36,0.0,2,1672.0,бРел
740,14:31:09,8.35,-0.009999999999999787,134,111917.0,бТел
741,14:31:12,8.35,0.0,39,32565.0,бТел
742,14:31:18,8.35,0.0,11,9185.0,бРел
743,14:31:36,8.34,-0.009999999999999787,108,90072.0,бТел
744,14:31:39,8.34,0.0,25,20850.0,бРел
745,14:31:42,8.34,0.0,32,26688.0,бРел
746,14:31:45,8.33,-0.009999999999999787,55,45849.0,бТел
747,14:31:51,8.34,0.009999999999999787,1,834.0,жпптел
748,14:31:54,8.33,-0.009999999999999787,5,4168.0,бТел
749,14:32:00,8.34,0.009999999999999787,17,14178.0,бРел
750,14:32:03,8.34,0.0,10,8340.0,бРел
751,14:32:06,8.34,0.0,91,75894.0,бРел
752,14:32:09,8.34,0.0,46,38364.0,бТел
753,14:32:24,8.35,0.009999999999999787,10,8350.0,бРел
754,14:32:27,8.34,-0.009999999999999787,79,65906.0,бТел
755,14:32:30,8.35,0.009999999999999787,2,1670.0,бРел
756,14:32:39,8.35,0.0,69,57611.0,бТел
757,14:32:45,8.35,0.0,42,35070.0,бРел
758,14:32:51,8.35,0.0,12,10020.0,бРел
759,14:32:57,8.35,0.0,3,2505.0,бРел
760,14:33:00,8.35,0.0,31,25885.0,бРел
761,14:33:03,8.34,-0.009999999999999787,73,60914.0,бТел
762,14:33:09,8.35,0.009999999999999787,68,56746.0,бРел
763,14:33:39,8.36,0.009999999999999787,62,52292.59999999963,бРел
764,14:33:45,8.36,0.0,1,1170.4000000003725,бТел
765,14:33:57,8.35,-0.009999999999999787,33,27555.0,бРел
766,14:34:03,8.35,0.0,81,67594.0,бРел
767,14:34:09,8.35,0.0,13,10855.0,бРел
768,14:34:15,8.35,0.0,5,4175.0,бРел
769,14:34:30,8.34,-0.009999999999999787,43,35862.0,бТел
770,14:34:33,8.34,0.0,41,34194.0,бТел
771,14:34:36,8.35,0.009999999999999787,6,5511.0,бРел
772,14:34:39,8.35,0.0,2,1670.0,бТел
773,14:34:42,8.35,0.0,26,21710.0,бТел
774,14:34:48,8.35,0.0,5,4175.0,бТел
775,14:34:54,8.35,0.0,5,4175.0,бТел
776,14:35:03,8.35,0.0,25,20875.0,бРел
777,14:35:06,8.34,-0.009999999999999787,24,20016.0,бТел
778,14:35:09,8.34,0.0,9,7506.0,бТел
779,14:35:12,8.34,0.0,23,19182.0,бТел
780,14:35:30,8.35,0.009999999999999787,58,48389.0,бРел
781,14:35:39,8.35,0.0,29,24215.0,бТел
782,14:35:45,8.35,0.0,15,12525.0,бТел
783,14:35:57,8.34,-0.009999999999999787,41,34194.0,бТел
784,14:36:00,8.35,0.009999999999999787,7,5845.0,бРел
785,14:36:24,8.35,0.0,10,8350.0,бТел
786,14:36:27,8.35,0.0,1,835.0,бТел
787,14:36:33,8.35,0.0,8,6680.0,бРел
788,14:36:36,8.35,0.0,28,23380.0,бТел
789,14:36:54,8.34,-0.009999999999999787,8,6672.0,бТел
790,14:37:00,8.34,0.0,26,21708.0,бТел
791,14:37:06,8.35,0.009999999999999787,36,30060.0,бРел
792,14:37:09,8.34,-0.009999999999999787,24,20016.0,бТел
793,14:37:12,8.34,0.0,1,834.0,бТел
794,14:37:15,8.34,0.0,11,9174.0,бТел
795,14:37:24,8.35,0.009999999999999787,20,16700.0,бРел
796,14:37:27,8.35,0.0,24,20040.0,бРел
797,14:37:30,8.35,0.0,36,30060.0,бРел
798,14:37:45,8.34,-0.009999999999999787,5,4170.0,бТел
799,14:37:51,8.34,0.0,24,20016.0,бТел
800,14:37:57,8.35,0.009999999999999787,13,10855.0,бРел
801,14:38:00,8.34,-0.009999999999999787,13,10842.0,бТел
802,14:38:03,8.35,0.009999999999999787,80,66763.0,бРел
803,14:38:06,8.35,0.0,47,39245.0,бРел
804,14:38:18,8.35,0.0,52,43420.0,бРел
805,14:38:27,8.34,-0.009999999999999787,24,20016.0,бТел
806,14:38:30,8.35,0.009999999999999787,36,30060.0,бРел
807,14:38:36,8.34,-0.009999999999999787,1,834.0,бТел
808,14:38:51,8.34,0.0,185,154290.0,бТел
809,14:39:03,8.34,0.0,22,18348.0,бРел
810,14:39:09,8.34,0.0,14,11676.0,бТел
811,14:39:42,8.33,-0.009999999999999787,121,100793.0,бТел
812,14:39:48,8.33,0.0,23,19159.0,бТел
813,14:40:03,8.34,0.009999999999999787,2,1668.0,бРел
814,14:40:09,8.33,-0.009999999999999787,10,8331.0,бТел
815,14:40:15,8.33,0.0,6,4998.0,бТел
816,14:40:21,8.33,0.0,1,833.0,бТел
817,14:40:27,8.33,0.0,122,101626.0,бТел
818,14:40:36,8.34,0.009999999999999787,2,1668.0,бРел
819,14:40:42,8.33,-0.009999999999999787,7,5831.0,бТел
820,14:40:48,8.33,0.0,6,4998.0,бТел
821,14:40:54,8.33,0.0,85,71440.08000000007,бТел
822,14:41:03,8.33,0.0,19,16026.919999999925,бРел
823,14:41:06,8.33,0.0,1,833.0,бТел
824,14:41:09,8.33,0.0,12,9997.0,бТел
825,14:41:15,8.33,0.0,3,2499.0,бТел
826,14:41:21,8.32,-0.009999999999999787,52,43270.75999999978,бТел
827,14:41:27,8.34,0.019999999999999574,2,1668.0,бРел
828,14:41:39,8.32,-0.019999999999999574,7,5824.0,бТел
829,14:41:48,8.32,0.0,50,41600.0,бТел
830,14:42:09,8.32,0.0,1,832.0,бТел
831,14:42:12,8.32,0.0,8,6656.0,бТел
832,14:42:15,8.34,0.019999999999999574,1,834.0,бРел
833,14:42:39,8.32,-0.019999999999999574,7,5824.0,бТел
834,14:42:51,8.32,0.0,1,832.0,бТел
835,14:43:09,8.34,0.019999999999999574,4,3330.0,бРел
836,14:43:12,8.32,-0.019999999999999574,2,1664.0,бТел
837,14:43:15,8.32,0.0,7,5824.0,бТел
838,14:43:42,8.32,0.0,7,5824.0,бТел
839,14:43:51,8.32,0.0,3,2496.0,бТел
840,14:44:09,8.32,0.0,4,3330.0,бТел
841,14:44:15,8.32,0.0,9,7488.0,бТел
842,14:44:33,8.34,0.019999999999999574,14,11676.0,бРел
843,14:44:42,8.32,-0.019999999999999574,6,4992.0,бТел
844,14:44:51,8.34,0.019999999999999574,1,834.0,бРел
845,14:44:54,8.32,-0.019999999999999574,2,1664.0,бТел
846,14:44:57,8.34,0.019999999999999574,7,5838.0,бРел
847,14:45:03,8.32,-0.019999999999999574,22,18304.0,бТел
848,14:45:09,8.32,0.0,5,4160.0,бТел
849,14:45:12,8.32,0.0,10,8320.0,бТел
850,14:45:15,8.32,0.0,3,2496.0,бТел
851,14:45:18,8.32,0.0,1,832.0,бТел
852,14:45:21,8.31,-0.009999999999999787,180,150390.3200000003,бТел
853,14:45:24,8.31,0.0,23,19335.43999999948,бТел
854,14:45:45,8.32,0.009999999999999787,6,4992.0,бТел
855,14:46:03,8.34,0.019999999999999574,13,10834.0,бРел
856,14:46:12,8.32,-0.019999999999999574,9,7488.0,бТел
857,14:46:18,8.33,0.009999999999999787,4,3332.0,бРел
858,14:46:33,8.33,0.0,68,56644.0,бРел
859,14:46:39,8.31,-0.019999999999999574,300,249467.99999999814,бТел
860,14:46:42,8.33,0.019999999999999574,30,24990.0,бРел
861,14:46:45,8.31,-0.019999999999999574,60,49968.0,бТел
862,14:47:09,8.31,0.0,22,18282.0,бТел
863,14:47:12,8.31,0.0,9,7479.0,бТел
864,14:47:18,8.31,0.0,262,217722.0,бТел
865,14:47:45,8.31,0.0,7,5817.0,бТел
866,14:47:57,8.31,0.0,59,49029.0,бТел
867,14:48:09,8.31,0.0,22,18294.0,бТел
868,14:48:15,8.31,0.0,8,6648.0,бТел
869,14:48:24,8.33,0.019999999999999574,24,19992.0,бРел
870,14:48:42,8.31,-0.019999999999999574,7,5817.0,бТел
871,14:49:12,8.31,0.0,18,14958.0,бТел
872,14:49:15,8.31,0.0,8,6648.0,бТел
873,14:49:45,8.31,0.0,7,5817.0,бТел
874,14:50:00,8.31,0.0,2,1662.0,бТел
875,14:50:06,8.32,0.009999999999999787,7,6489.60000000149,бТел
876,14:50:09,8.32,0.0,10,8320.0,бТел
877,14:50:12,8.32,0.0,11,9318.39999999851,бТел
878,14:50:15,8.32,0.0,2,1664.0,бРел
879,14:50:21,8.32,0.0,1,832.0,бРел
880,14:50:33,8.32,0.0,10,8985.60000000149,бРел
881,14:50:48,8.32,0.0,7,5824.0,бТел
882,14:50:57,8.33,0.009999999999999787,7,5831.0,бРел
883,14:51:09,8.32,-0.009999999999999787,19,15824.0,бТел
884,14:51:18,8.33,0.009999999999999787,6,4998.0,бРел
885,14:51:24,8.33,0.0,2,1666.0,бРел
886,14:51:30,8.33,0.0,15,12495.0,бРел
887,14:51:36,8.33,0.0,1,833.0,бТел
888,14:51:45,8.34,0.009999999999999787,242,201826.0,бРел
889,14:51:48,8.32,-0.019999999999999574,74,61572.0,бТел
890,14:52:09,8.32,0.0,1,832.0,бТел
891,14:52:15,8.32,0.0,7,5824.0,бТел
892,14:52:36,8.33,0.009999999999999787,43,35819.0,бРел
893,14:52:48,8.33,0.0,4,3332.0,бТел
894,14:53:00,8.33,0.0,21,17493.0,бТел
895,14:53:06,8.33,0.0,3,2499.0,бТел
896,14:53:12,8.33,0.0,2,1666.0,бТел
897,14:53:18,8.34,0.009999999999999787,19,15846.0,бРел
898,14:54:09,8.33,-0.009999999999999787,10,8330.0,бТел
899,14:54:12,8.34,0.009999999999999787,12,10008.0,бРел
900,14:54:18,8.33,-0.009999999999999787,23,19159.0,бТел
901,14:54:39,8.33,0.0,20,16660.0,бРел
902,14:54:48,8.32,-0.009999999999999787,20,16640.0,бТел
903,14:54:54,8.32,0.0,9,7488.0,бТел
904,14:55:12,8.32,0.0,13,10816.0,бТел
905,14:55:24,8.32,0.0,100,83366.39999999851,бТел
906,14:55:42,8.31,-0.009999999999999787,80,66480.0,бТел
907,14:55:45,8.31,0.0,83,69687.80000000075,бТел
908,14:56:12,8.31,0.0,23,19113.0,бТел
909,14:56:21,8.31,0.0,1,831.0,бТел
910,14:56:30,8.31,0.0,12,9972.0,бТел
911,14:56:39,8.31,0.0,10,8310.0,бТел
912,14:56:45,8.31,0.0,16,13296.0,бТел
913,14:56:48,8.31,0.0,300,249300.0,бТел
914,14:56:51,8.33,0.019999999999999574,200,166600.0,бРел
915,14:57:03,8.33,0.0,7,5831.0,бРел
916,15:00:06,8.31,-0.019999999999999574,101,83931.0,бРел
