,Ёи╫╩й╠╪Д,Ёи╫╩╪ш,╪ш╦Я╠Д╤╞,Ёи╫╩а©ё╗йжё╘,Ёи╫╩╤Нё╗т╙ё╘,птжй
0,09:25:06,38.9,0.10000000000000142,39,151710.0,бТел
1,09:30:06,38.8,-0.10000000000000142,2,7760.0,бТел
2,09:30:09,38.9,0.10000000000000142,31,120522.0,бРел
3,09:30:12,38.88,-0.01999999999999602,36,139903.0,бРел
4,09:30:18,38.88,0.0,2,7769.0,бРел
5,09:30:21,38.81,-0.07000000000000028,1,3881.0,бТел
6,09:30:27,38.81,0.0,2,7762.0,бТел
7,09:30:30,38.8,-0.010000000000005116,10,38801.0,бТел
8,09:30:33,38.8,0.0,39,151320.0,бТел
9,09:30:45,38.75,-0.04999999999999716,5,19386.0,бТел
10,09:30:51,38.8,0.04999999999999716,51,197856.0,бРел
11,09:30:57,38.75,-0.04999999999999716,8,31000.0,бТел
12,09:31:00,38.75,0.0,6,23250.0,бРел
13,09:31:09,38.63,-0.11999999999999744,12,46362.0,бТел
14,09:31:12,38.73,0.09999999999999432,3,11619.0,жпптел
15,09:31:15,38.63,-0.09999999999999432,7,27041.0,бТел
16,09:31:18,38.63,0.0,3,11589.0,бТел
17,09:31:24,38.63,0.0,1,3863.0,бТел
18,09:31:33,38.63,0.0,25,96575.0,бТел
19,09:31:45,38.66,0.02999999999999403,1,3866.0,бТел
20,09:31:48,38.72,0.060000000000002274,2,7744.0,бРел
21,09:31:51,38.72,0.0,7,27072.0,жпптел
22,09:31:54,38.72,0.0,1,3872.0,бРел
23,09:32:00,38.72,0.0,2,7744.0,бТел
24,09:32:03,38.72,0.0,18,69701.0,бТел
25,09:32:15,38.65,-0.07000000000000028,7,27056.0,бТел
26,09:32:27,38.7,0.05000000000000426,1,3870.0,бРел
27,09:32:33,38.7,0.0,8,30960.0,бРел
28,09:32:39,38.66,-0.04000000000000625,13,50268.0,бТел
29,09:32:45,38.7,0.04000000000000625,3,11610.0,бРел
30,09:32:48,38.68,-0.020000000000003126,1,3868.0,бТел
31,09:32:51,38.66,-0.020000000000003126,17,65773.0,бТел
32,09:33:00,38.7,0.04000000000000625,4,15480.0,бРел
33,09:33:03,38.68,-0.020000000000003126,5,19338.0,бТел
34,09:33:06,38.68,0.0,1,3868.0,бРел
35,09:33:09,38.68,0.0,5,19340.0,бРел
36,09:33:12,38.68,0.0,21,81228.0,бРел
37,09:33:15,38.68,0.0,7,27076.0,бРел
38,09:33:18,38.52,-0.1599999999999966,351,1355502.0,бТел
39,09:33:24,38.68,0.1599999999999966,2,7734.0,бРел
40,09:33:27,38.66,-0.020000000000003126,2,7729.0,бРел
41,09:33:30,38.63,-0.02999999999999403,19,73397.0,бТел
42,09:33:39,38.62,-0.010000000000005116,46,177622.0,бРел
43,09:33:42,38.62,0.0,10,38620.0,бТел
44,09:33:45,38.62,0.0,18,69516.0,бТел
45,09:33:48,38.62,0.0,5,19310.0,бТел
46,09:33:54,38.62,0.0,2,7724.0,бРел
47,09:33:57,38.58,-0.03999999999999915,6,23164.0,бТел
48,09:34:03,38.62,0.03999999999999915,10,38620.0,бРел
49,09:34:06,38.61,-0.00999999999999801,5,19302.0,жпптел
50,09:34:12,38.6,-0.00999999999999801,2,7720.0,бТел
51,09:34:18,38.58,-0.020000000000003126,3,11574.0,бТел
52,09:34:21,38.55,-0.030000000000001137,9,34708.0,бТел
53,09:34:24,38.55,0.0,6,23137.0,бРел
54,09:34:27,38.55,0.0,2,7709.0,бРел
55,09:34:30,38.53,-0.01999999999999602,17,65514.0,бТел
56,09:34:33,38.54,0.00999999999999801,2,7708.0,бРел
57,09:34:36,38.55,0.00999999999999801,9,34695.0,бРел
58,09:34:39,38.53,-0.01999999999999602,20,77074.0,бТел
59,09:34:42,38.53,0.0,17,65504.0,бТел
60,09:34:45,38.53,0.0,32,123308.0,бТел
61,09:34:48,38.53,0.0,3,11559.0,бРел
62,09:34:51,38.53,0.0,16,61648.0,бРел
63,09:34:57,38.52,-0.00999999999999801,62,238826.0,бТел
64,09:35:00,38.53,0.00999999999999801,13,50081.0,бРел
65,09:35:06,38.53,0.0,2,7706.0,бРел
66,09:35:09,38.53,0.0,2,7706.0,бРел
67,09:35:15,38.53,0.0,2,7706.0,бРел
68,09:35:18,38.53,0.0,37,142556.0,бРел
69,09:35:21,38.53,0.0,11,42383.0,бРел
70,09:35:24,38.52,-0.00999999999999801,35,134853.0,бТел
71,09:35:27,38.52,0.0,2,7704.0,бТел
72,09:35:30,38.55,0.02999999999999403,2,7708.200000000186,бРел
73,09:35:33,38.53,-0.01999999999999602,1,3853.0,бТел
74,09:35:39,38.55,0.01999999999999602,1,3855.0,бРел
75,09:35:42,38.55,0.0,18,69390.0,бРел
76,09:35:45,38.55,0.0,6,24675.0,бРел
77,09:35:48,38.65,0.10000000000000142,10,38629.0,бРел
78,09:35:51,38.63,-0.01999999999999602,5,19315.0,бТел
79,09:36:00,38.55,-0.0800000000000054,1,3855.0,бТел
80,09:36:03,38.55,0.0,9,34695.0,бТел
81,09:36:09,38.55,0.0,32,123374.0,бТел
82,09:36:18,38.62,0.07000000000000028,1,3862.0,бРел
83,09:36:24,38.62,0.0,5,19310.0,бРел
84,09:36:27,38.55,-0.07000000000000028,10,38556.0,бТел
85,09:36:36,38.65,0.10000000000000142,25,96616.0,бРел
86,09:36:42,38.56,-0.0899999999999963,1,3856.0,бТел
87,09:36:45,38.56,0.0,7,27010.0,бТел
88,09:36:48,38.6,0.03999999999999915,4,15432.0,бТел
89,09:36:51,38.62,0.01999999999999602,2,7724.0,бРел
90,09:36:54,38.56,-0.05999999999999517,1,3856.0,бТел
91,09:36:57,38.56,0.0,10,38562.0,бТел
92,09:37:06,38.55,-0.010000000000005116,50,192803.0,бТел
93,09:37:12,38.63,0.0800000000000054,1,3863.0,бРел
94,09:37:15,38.63,0.0,4,15452.0,бРел
95,09:37:24,38.63,0.0,2,7726.0,бРел
96,09:37:30,38.61,-0.020000000000003126,1,3861.0,бТел
97,09:37:42,38.61,0.0,6,26254.799999999814,бРел
98,09:37:54,38.63,0.020000000000003126,2,7725.0,бРел
99,09:38:00,38.63,0.0,1,3863.0,бРел
100,09:38:06,38.63,0.0,3,11589.0,бТел
101,09:38:09,38.6,-0.030000000000001137,25,97329.20000000019,бТел
102,09:38:12,38.6,0.0,1,3860.0,бРел
103,09:38:15,38.6,0.0,1,3860.0,бРел
104,09:38:21,38.6,0.0,1,3860.0,бРел
105,09:38:33,38.6,0.0,1,3860.0,бРел
106,09:38:39,38.6,0.0,7,27020.0,бРел
107,09:38:42,38.6,0.0,2,7720.0,бРел
108,09:38:48,38.64,0.03999999999999915,12,46356.799999999814,бРел
109,09:39:06,38.6,-0.03999999999999915,11,42461.0,бТел
110,09:39:36,38.63,0.030000000000001137,3,11589.0,бРел
111,09:39:39,38.6,-0.030000000000001137,8,30882.0,бТел
112,09:39:45,38.63,0.030000000000001137,34,131332.0,бРел
113,09:39:48,38.63,0.0,3,11589.0,бРел
114,09:39:51,38.63,0.0,1,3863.0,бТел
115,09:39:54,38.61,-0.020000000000003126,6,23166.0,бТел
116,09:40:15,38.6,-0.00999999999999801,16,61766.0,бТел
117,09:40:27,38.6,0.0,2,7720.0,бТел
118,09:40:39,38.64,0.03999999999999915,7,27048.0,бРел
119,09:40:42,38.64,0.0,3,11592.0,бРел
120,09:40:57,38.65,0.00999999999999801,6,23187.0,бРел
121,09:41:06,38.65,0.0,42,162193.0,бРел
122,09:41:09,38.6,-0.04999999999999716,10,38600.0,бТел
123,09:41:18,38.59,-0.00999999999999801,5,19296.0,бТел
124,09:41:27,38.65,0.05999999999999517,27,104355.0,бРел
125,09:41:36,38.76,0.10999999999999943,1,3876.0,бРел
126,09:41:42,38.76,0.0,1,3876.0,бРел
127,09:41:54,38.75,-0.00999999999999801,3,11625.0,бРел
128,09:42:09,38.75,0.0,12,46489.0,бРел
129,09:42:21,38.66,-0.09000000000000341,1,3866.0,бТел
130,09:42:24,38.66,0.0,5,19331.0,бТел
131,09:42:33,38.66,0.0,11,42518.0,бРел
132,09:42:42,38.63,-0.02999999999999403,2,7726.0,бТел
133,09:42:51,38.64,0.00999999999999801,3,11592.0,бРел
134,09:42:57,38.63,-0.00999999999999801,8,30911.0,бТел
135,09:43:03,38.66,0.02999999999999403,1,3866.0,бРел
136,09:43:09,38.66,0.0,1,3866.0,бРел
137,09:43:12,38.66,0.0,4,15460.0,бРел
138,09:43:18,38.66,0.0,1,3866.0,бРел
139,09:43:21,38.63,-0.02999999999999403,2,7726.0,бТел
140,09:43:24,38.7,0.07000000000000028,7,27074.0,бРел
141,09:43:27,38.66,-0.04000000000000625,4,15464.0,жпптел
142,09:43:30,38.66,0.0,2,7732.0,бТел
143,09:43:33,38.7,0.04000000000000625,1,3870.0,бРел
144,09:43:36,38.66,-0.04000000000000625,1,3866.0,бТел
145,09:43:51,38.71,0.05000000000000426,2,7741.0,бРел
146,09:43:57,38.71,0.0,1,3871.0,бРел
147,09:44:00,38.68,-0.030000000000001137,56,216708.0,бТел
148,09:44:06,38.68,0.0,5,19340.0,бРел
149,09:44:12,38.68,0.0,1,3868.0,бРел
150,09:44:15,38.66,-0.020000000000003126,9,34800.0,бТел
151,09:44:18,38.68,0.020000000000003126,4,15472.0,бРел
152,09:44:24,38.68,0.0,1,3868.0,бРел
153,09:44:30,38.68,0.0,3,11604.0,бРел
154,09:44:33,38.7,0.020000000000003126,3,11606.0,бРел
155,09:44:39,38.68,-0.020000000000003126,5,21660.799999999814,бТел
156,09:44:42,38.68,0.0,1,3868.0,бТел
157,09:44:45,38.7,0.020000000000003126,1,3870.0,бРел
158,09:44:57,38.7,0.0,3,11610.0,бРел
159,09:45:00,38.7,0.0,4,15477.0,бРел
160,09:45:06,38.7,0.0,1,3870.0,бРел
161,09:45:12,38.7,0.0,20,77400.0,бРел
162,09:45:15,38.7,0.0,1,3870.0,бРел
163,09:45:18,38.7,0.0,7,27090.0,бТел
164,09:45:24,38.71,0.00999999999999801,23,89030.0,бРел
165,09:45:27,38.71,0.0,7,27097.0,бРел
166,09:45:33,38.73,0.01999999999999602,12,46475.0,бРел
167,09:45:45,38.71,-0.01999999999999602,1,3871.0,бТел
168,09:46:00,38.73,0.01999999999999602,3,11619.0,бРел
169,09:46:03,38.73,0.0,2,7746.0,бТел
170,09:46:06,38.71,-0.01999999999999602,19,73553.0,бТел
171,09:46:09,38.71,0.0,23,89033.0,бРел
172,09:46:12,38.71,0.0,9,34839.0,бРел
173,09:46:15,38.7,-0.00999999999999801,16,61920.0,бТел
174,09:46:27,38.71,0.00999999999999801,1,3871.0,бРел
175,09:46:30,38.7,-0.00999999999999801,36,139320.0,бТел
176,09:46:36,38.7,0.0,7,27090.0,бРел
177,09:46:39,38.7,0.0,3,11610.0,бРел
178,09:46:42,38.7,0.0,4,15480.0,бРел
179,09:46:45,38.7,0.0,11,42573.0,бТел
180,09:46:51,38.71,0.00999999999999801,3,11613.0,бТел
181,09:46:57,38.7,-0.00999999999999801,9,34834.0,бТел
182,09:47:03,38.75,0.04999999999999716,1,3875.0,бРел
183,09:47:12,38.71,-0.03999999999999915,30,116137.0,бТел
184,09:47:15,38.71,0.0,7,27097.0,бРел
185,09:47:39,38.75,0.03999999999999915,9,34875.0,бРел
186,09:47:51,38.75,0.0,1,3875.0,бРел
187,09:47:54,38.75,0.0,3,11625.0,бРел
188,09:48:03,38.7,-0.04999999999999716,2,7740.0,бТел
189,09:48:06,38.75,0.04999999999999716,3,11625.0,бРел
190,09:48:15,38.75,0.0,6,23250.0,бРел
191,09:48:24,38.75,0.0,2,7750.0,бРел
192,09:48:27,38.75,0.0,2,9997.5,бРел
193,09:48:30,38.79,0.03999999999999915,6,23271.0,бРел
194,09:48:36,38.73,-0.060000000000002274,11,42617.83999999985,бТел
195,09:48:39,38.79,0.060000000000002274,1,3879.0,бРел
196,09:48:42,38.79,0.0,3,11637.0,бРел
197,09:48:48,38.84,0.05000000000000426,12,46601.0,бРел
198,09:48:54,38.87,0.02999999999999403,6,23320.0,бРел
199,09:49:00,38.86,-0.00999999999999801,6,23316.0,жпптел
200,09:49:24,38.8,-0.060000000000002274,24,93142.0,бТел
201,09:49:27,38.8,0.0,5,19399.00000000093,бРел
202,09:49:30,38.79,-0.00999999999999801,2,7758.0,бТел
203,09:49:36,38.79,0.0,17,65879.0,бРел
204,09:49:39,38.79,0.0,9,34911.0,бРел
205,09:49:48,38.8,0.00999999999999801,57,221113.0,бРел
206,09:49:51,38.78,-0.01999999999999602,4,15512.0,бТел
207,09:49:54,38.78,0.0,7,27146.0,бТел
208,09:50:03,38.8,0.01999999999999602,6,23290.0,жпптел
209,09:50:21,38.8,0.0,1,3880.0,бРел
210,09:50:27,38.8,0.0,8,31040.0,бРел
211,09:50:36,38.81,0.010000000000005116,4,15524.0,бРел
212,09:50:42,38.81,0.0,20,77640.0,бТел
213,09:50:48,38.81,0.0,29,112549.0,бТел
214,09:51:00,38.8,-0.010000000000005116,22,85360.0,бТел
215,09:51:03,38.78,-0.01999999999999602,9,34902.0,бТел
216,09:51:12,38.78,0.0,2,7756.0,бТел
217,09:51:15,38.78,0.0,4,15512.0,бТел
218,09:51:18,38.75,-0.030000000000001137,16,62026.0,бТел
219,09:51:24,38.75,0.0,3,11625.0,бТел
220,09:51:27,38.75,0.0,6,23250.0,бТел
221,09:51:30,38.77,0.020000000000003126,50,193849.0,бРел
222,09:51:33,38.79,0.01999999999999602,61,236558.0,бРел
223,09:51:45,38.81,0.020000000000003126,12,46572.0,бРел
224,09:51:57,38.81,0.0,1,3881.0,бРел
225,09:52:12,38.83,0.01999999999999602,13,50464.0,бРел
226,09:52:15,38.8,-0.030000000000001137,8,31047.0,бТел
227,09:52:18,38.8,0.0,8,31047.0,бТел
228,09:52:21,38.83,0.030000000000001137,39,151405.0,бРел
229,09:52:24,38.83,0.0,2,7766.0,бРел
230,09:52:30,38.83,0.0,3,11649.0,бРел
231,09:52:33,38.84,0.010000000000005116,4,15536.0,бРел
232,09:52:36,38.85,0.00999999999999801,12,46619.0,бРел
233,09:52:39,38.85,0.0,3,11655.0,бРел
234,09:52:42,38.86,0.00999999999999801,1,6644.3499999996275,бРел
235,09:52:45,38.86,0.0,43,167098.0,бРел
236,09:52:48,38.85,-0.00999999999999801,8,31081.0,бТел
237,09:52:51,38.87,0.01999999999999602,38,147662.0,бРел
238,09:52:54,38.85,-0.01999999999999602,5,19427.0,жпптел
239,09:52:57,38.88,0.030000000000001137,52,202155.0,бРел
240,09:53:06,38.89,0.00999999999999801,7,27223.0,бРел
241,09:53:09,38.89,0.0,16,62224.0,бРел
242,09:53:12,38.89,0.0,21,81668.0,бРел
243,09:53:15,38.94,0.04999999999999716,45,175106.0,бРел
244,09:53:18,38.94,0.0,18,70105.0,бТел
245,09:53:30,38.94,0.0,16,62325.0,бТел
246,09:53:39,38.95,0.010000000000005116,6,23375.0,бТел
247,09:53:42,38.96,0.00999999999999801,15,58423.0,бРел
248,09:53:45,38.94,-0.020000000000003126,22,85679.0,бТел
249,09:53:48,38.98,0.03999999999999915,162,631365.0,бРел
250,09:53:54,38.96,-0.01999999999999602,2,7792.0,бРел
251,09:53:57,38.95,-0.00999999999999801,2,7791.0,бТел
252,09:54:03,38.95,0.0,6,23370.0,бРел
253,09:54:06,38.98,0.02999999999999403,40,155904.0,бРел
254,09:54:21,38.9,-0.0799999999999983,18,70060.0,бТел
255,09:54:24,38.98,0.0799999999999983,19,74056.0,бРел
256,09:54:27,38.98,0.0,1,3898.0,бРел
257,09:54:39,38.96,-0.01999999999999602,22,85616.0,жпптел
258,09:54:42,38.96,0.0,30,116730.0,бРел
259,09:54:48,38.96,0.0,2,7792.0,бРел
260,09:54:51,38.9,-0.060000000000002274,20,77805.0,бТел
261,09:54:54,38.96,0.060000000000002274,6,23346.0,бРел
262,09:55:03,38.9,-0.060000000000002274,2,9336.0,бТел
263,09:55:06,38.96,0.060000000000002274,1,3896.0,бРел
264,09:55:09,38.9,-0.060000000000002274,5,19468.0,бТел
265,09:55:12,38.9,0.0,4,17894.0,бТел
266,09:55:15,38.9,0.0,4,15560.0,бРел
267,09:55:18,38.9,0.0,3,13226.0,бРел
268,09:55:21,38.9,0.0,6,23340.0,бТел
269,09:55:30,38.95,0.05000000000000426,3,11685.0,бРел
270,09:55:39,38.93,-0.020000000000003126,16,62308.0,жпптел
271,09:55:48,38.91,-0.020000000000003126,30,116730.0,бТел
272,09:55:51,38.93,0.020000000000003126,1,3893.0,бРел
273,09:55:57,38.93,0.0,3,11679.0,бРел
274,09:56:09,38.91,-0.020000000000003126,51,198542.0,бТел
275,09:56:12,38.9,-0.00999999999999801,20,77800.0,бТел
276,09:56:15,38.9,0.0,2,10114.0,бТел
277,09:56:18,38.91,0.00999999999999801,31,120586.59999999963,бРел
278,09:56:27,38.89,-0.01999999999999602,3,11667.0,бТел
279,09:56:36,38.89,0.0,7,27223.0,бТел
280,09:56:48,38.89,0.0,5,19445.0,бТел
281,09:57:00,38.89,0.0,20,77812.0,бТел
282,09:57:06,38.95,0.060000000000002274,21,81729.40000000037,бРел
283,09:57:18,38.95,0.0,1,3895.0,бРел
284,09:57:24,38.93,-0.020000000000003126,6,23358.0,бРел
285,09:57:27,38.95,0.020000000000003126,20,77865.0,бРел
286,09:57:30,38.82,-0.13000000000000256,20,77737.0,бТел
287,09:57:33,38.95,0.13000000000000256,7,27265.0,бРел
288,09:57:39,38.95,0.0,17,66213.0,бРел
289,09:57:45,38.95,0.0,7,27265.0,бРел
290,09:57:51,38.95,0.0,2,7790.0,бРел
291,09:57:54,38.95,0.0,1,3895.0,бРел
292,09:58:00,38.95,0.0,8,31160.0,бРел
293,09:58:06,38.95,0.0,23,89585.0,бРел
294,09:58:09,38.94,-0.010000000000005116,18,70101.0,бТел
295,09:58:12,38.95,0.010000000000005116,30,116850.0,бРел
296,09:58:15,38.94,-0.010000000000005116,15,58410.0,бТел
297,09:58:21,38.93,-0.00999999999999801,47,182995.0,бТел
298,09:58:27,38.94,0.00999999999999801,11,42834.0,бРел
299,09:58:33,38.95,0.010000000000005116,15,58425.0,бРел
300,09:58:42,38.96,0.00999999999999801,15,58430.79999999888,бРел
301,09:58:48,38.95,-0.00999999999999801,5,19475.0,бРел
302,09:58:57,38.94,-0.010000000000005116,17,66209.0,бТел
303,09:59:00,38.96,0.020000000000003126,12,46752.0,бРел
304,09:59:06,38.96,0.0,11,45855.92000000179,бРел
305,09:59:09,38.96,0.0,11,42856.0,бТел
306,09:59:15,38.97,0.00999999999999801,16,62352.0,бРел
307,09:59:18,38.96,-0.00999999999999801,5,19480.0,бТел
308,09:59:24,38.95,-0.00999999999999801,9,35071.0,бТел
309,09:59:27,38.97,0.01999999999999602,24,93517.0,бРел
310,09:59:30,38.97,0.0,3,11691.0,бТел
311,09:59:36,38.97,0.0,6,23367.0,бРел
312,09:59:39,38.97,0.0,16,63134.79999999888,бРел
313,09:59:45,38.97,0.0,5,19485.0,бРел
314,09:59:48,38.97,0.0,17,66249.0,бТел
315,10:00:00,38.98,0.00999999999999801,58,226051.0,бРел
316,10:00:03,38.98,0.0,23,89651.0,бРел
317,10:00:06,38.99,0.010000000000005116,20,77974.0,бРел
318,10:00:24,38.99,0.0,1,3899.0,бРел
319,10:00:27,38.99,0.0,12,46788.0,бРел
320,10:00:30,39.0,0.00999999999999801,7,27300.0,бРел
321,10:00:33,38.99,-0.00999999999999801,6,23394.0,бТел
322,10:00:36,38.99,0.0,44,171580.0,бТел
323,10:00:42,38.99,0.0,48,187166.0,бТел
324,10:00:45,38.98,-0.010000000000005116,3,11694.0,бТел
325,10:00:48,38.99,0.010000000000005116,63,245606.0,бРел
326,10:00:51,38.97,-0.020000000000003126,8,31174.0,бТел
327,10:00:54,38.98,0.00999999999999801,17,66262.0,бРел
328,10:00:57,38.96,-0.01999999999999602,26,101355.0,бТел
329,10:01:00,38.98,0.01999999999999602,1,3898.0,бТел
330,10:01:06,38.97,-0.00999999999999801,1,3897.0,бТел
331,10:01:09,38.98,0.00999999999999801,3,11693.0,бРел
332,10:01:12,38.97,-0.00999999999999801,1,3897.0,жпптел
333,10:01:15,38.98,0.00999999999999801,27,105206.0,бРел
334,10:01:18,38.98,0.0,3,11686.0,бРел
335,10:01:21,38.98,0.0,6,23388.0,бТел
336,10:01:24,38.96,-0.01999999999999602,4,15590.0,бТел
337,10:01:27,38.96,0.0,1,3896.0,бРел
338,10:01:36,38.98,0.01999999999999602,15,58462.800000000745,бРел
339,10:01:48,38.97,-0.00999999999999801,54,210334.99999999814,жпптел
340,10:01:51,38.96,-0.00999999999999801,1,3896.0,жпптел
341,10:01:54,38.96,0.0,11,42856.0,бРел
342,10:02:00,38.94,-0.020000000000003126,28,112157.20000000298,бТел
343,10:02:09,38.94,0.0,1,3894.0,бРел
344,10:02:12,38.92,-0.01999999999999602,15,58383.0,бТел
345,10:02:15,38.92,0.0,1,3892.0,бРел
346,10:02:21,38.92,0.0,12,46704.0,бРел
347,10:02:24,38.92,0.0,6,23347.0,бРел
348,10:02:39,38.93,0.00999999999999801,15,58384.0,бРел
349,10:02:45,38.94,0.00999999999999801,1,3894.0,бРел
350,10:02:48,38.94,0.0,2,8565.79999999702,бРел
351,10:02:54,38.93,-0.00999999999999801,4,15572.800000000745,бТел
352,10:03:00,38.94,0.00999999999999801,8,34252.0,бРел
353,10:03:06,38.94,0.0,1,3894.0,бРел
354,10:03:12,38.94,0.0,3,11682.0,бРел
355,10:03:15,38.94,0.0,5,20248.800000000745,бРел
356,10:03:18,38.94,0.0,2,10903.199999999255,бТел
357,10:03:21,38.94,0.0,1,3894.0,бРел
358,10:03:24,38.94,0.0,2,7788.0,бРел
359,10:03:27,38.92,-0.01999999999999602,19,73962.0,бТел
360,10:03:36,38.95,0.030000000000001137,10,39712.400000002235,бРел
361,10:03:39,38.96,0.00999999999999801,70,272695.799999997,бРел
362,10:03:45,38.97,0.00999999999999801,7,27279.0,бРел
363,10:03:51,38.98,0.00999999999999801,2,7796.0,бРел
364,10:03:57,39.0,0.020000000000003126,153,598923.8000000007,бРел
365,10:04:03,39.01,0.00999999999999801,37,144308.0,бРел
366,10:04:06,39.0,-0.00999999999999801,4,15600.0,бТел
367,10:04:09,39.0,0.0,22,85815.0,бТел
368,10:04:18,39.01,0.00999999999999801,31,120921.0,бРел
369,10:04:21,39.0,-0.00999999999999801,1,3900.0,бТел
370,10:04:24,39.0,0.0,3,11701.0,бТел
371,10:04:27,39.01,0.00999999999999801,6,23406.0,бРел
372,10:04:30,39.01,0.0,4,15603.0,бРел
373,10:04:36,39.0,-0.00999999999999801,23,89717.0,бТел
374,10:04:39,39.0,0.0,8,31200.0,бТел
375,10:04:42,39.01,0.00999999999999801,6,23406.0,бРел
376,10:04:45,39.0,-0.00999999999999801,6,23400.0,бТел
377,10:04:48,39.01,0.00999999999999801,23,89723.0,бРел
378,10:04:51,39.0,-0.00999999999999801,2,7801.0,бТел
379,10:04:54,39.01,0.00999999999999801,7,27307.0,бРел
380,10:04:57,39.01,0.0,2,7802.0,бРел
381,10:05:00,39.01,0.0,8,31208.0,бРел
382,10:05:06,39.0,-0.00999999999999801,12,46804.0,бТел
383,10:05:09,39.01,0.00999999999999801,3,11704.0,жпптел
384,10:05:15,39.01,0.0,2,7802.0,бРел
385,10:05:24,39.0,-0.00999999999999801,5,19500.0,бТел
386,10:05:33,39.0,0.0,6,24960.0,бТел
387,10:05:36,39.01,0.00999999999999801,18,70205.40000000224,бРел
388,10:05:39,39.0,-0.00999999999999801,1,3900.0,жпптел
389,10:05:42,39.0,0.0,1,3900.0,бРел
390,10:05:48,39.0,0.0,8,31200.0,бРел
391,10:05:51,39.0,0.0,1,3900.0,бРел
392,10:05:54,39.0,0.0,3,11700.0,бРел
393,10:05:57,39.01,0.00999999999999801,2,7801.0,бРел
394,10:06:06,39.01,0.0,20,78020.0,бРел
395,10:06:09,39.0,-0.00999999999999801,10,39001.0,бТел
396,10:06:12,39.01,0.00999999999999801,20,78020.0,бРел
397,10:06:15,39.0,-0.00999999999999801,18,70200.0,бТел
398,10:06:21,39.0,0.0,7,27300.0,бТел
399,10:06:24,39.01,0.00999999999999801,1,3901.0,бРел
400,10:06:30,39.01,0.0,11,42914.0,бРел
401,10:06:33,39.01,0.0,2,7802.0,бРел
402,10:06:36,39.02,0.010000000000005116,19,74134.0,бРел
403,10:06:39,39.01,-0.010000000000005116,3,11703.0,бРел
404,10:06:42,39.02,0.010000000000005116,55,214601.0,бРел
405,10:06:48,39.0,-0.020000000000003126,11,42902.0,бТел
406,10:06:51,39.01,0.00999999999999801,3,11703.0,жпптел
407,10:06:54,39.0,-0.00999999999999801,6,23401.0,бТел
408,10:07:00,39.0,0.0,14,54601.0,бТел
409,10:07:03,39.0,0.0,5,19500.0,бТел
410,10:07:06,39.0,0.0,2,7800.0,бРел
411,10:07:09,39.01,0.00999999999999801,1,3901.0,бРел
412,10:07:12,39.0,-0.00999999999999801,1,3900.0,бТел
413,10:07:18,39.02,0.020000000000003126,31,120961.0,бРел
414,10:07:24,39.02,0.0,44,171687.0,бРел
415,10:07:30,39.03,0.00999999999999801,20,78050.0,бРел
416,10:07:33,39.03,0.0,10,39030.0,бРел
417,10:07:36,39.03,0.0,2,7806.0,бРел
418,10:07:39,39.0,-0.030000000000001137,3,11701.0,бТел
419,10:07:45,39.02,0.020000000000003126,26,101430.0,бРел
420,10:07:48,39.01,-0.010000000000005116,2,7802.0,жпптел
421,10:07:51,39.0,-0.00999999999999801,10,39000.0,бТел
422,10:07:57,39.01,0.00999999999999801,2,7802.0,бРел
423,10:08:03,39.02,0.010000000000005116,24,93634.0,бРел
424,10:08:06,39.02,0.0,1,3902.0,бРел
425,10:08:09,39.02,0.0,14,54628.0,бРел
426,10:08:24,39.02,0.0,1,3902.0,бРел
427,10:08:27,39.04,0.01999999999999602,106,413725.0,бРел
428,10:08:30,39.02,-0.01999999999999602,4,15608.0,бТел
429,10:08:33,39.04,0.01999999999999602,30,117103.0,бРел
430,10:08:36,39.04,0.0,22,85886.0,бРел
431,10:08:42,39.04,0.0,21,81984.0,бРел
432,10:08:45,39.03,-0.00999999999999801,5,19516.0,бТел
433,10:08:48,39.05,0.01999999999999602,53,206919.0,бРел
434,10:08:51,39.03,-0.01999999999999602,1,3903.0,жпптел
435,10:08:54,39.03,0.0,10,39035.0,бТел
436,10:09:00,39.05,0.01999999999999602,38,148390.0,бРел
437,10:09:03,39.05,0.0,5,19525.0,бРел
438,10:09:06,39.04,-0.00999999999999801,3,11713.0,бТел
439,10:09:15,39.05,0.00999999999999801,6,23430.0,бРел
440,10:09:21,39.05,0.0,17,66380.0,бРел
441,10:09:24,39.03,-0.01999999999999602,4,15614.0,бТел
442,10:09:27,39.04,0.00999999999999801,2,7808.0,бРел
443,10:09:30,39.05,0.00999999999999801,15,58567.0,бРел
444,10:09:33,39.05,0.0,20,78100.0,бРел
445,10:09:36,39.05,0.0,19,74164.0,бРел
446,10:09:39,39.03,-0.01999999999999602,32,124936.0,бТел
447,10:09:48,39.04,0.00999999999999801,2,7808.0,жпптел
448,10:09:51,39.04,0.0,2,7808.0,бРел
449,10:09:54,39.03,-0.00999999999999801,5,19515.0,бТел
450,10:09:57,39.04,0.00999999999999801,6,23424.0,бРел
451,10:10:15,39.03,-0.00999999999999801,167,651925.0,бТел
452,10:10:18,39.06,0.030000000000001137,39,152334.0,бРел
453,10:10:21,39.06,0.0,20,78120.0,бРел
454,10:10:24,39.06,0.0,15,58590.0,бРел
455,10:10:27,39.07,0.00999999999999801,13,50779.0,бРел
456,10:10:30,39.07,0.0,12,46884.0,бРел
457,10:10:33,39.07,0.0,5,19535.0,бРел
458,10:10:36,39.07,0.0,9,35163.0,бРел
459,10:10:39,39.07,0.0,12,46884.0,бРел
460,10:10:42,39.07,0.0,6,23442.0,бРел
461,10:10:45,39.07,0.0,9,35163.0,бРел
462,10:10:48,39.07,0.0,24,93768.0,бРел
463,10:10:51,39.07,0.0,12,46884.0,бТел
464,10:10:54,39.08,0.00999999999999801,66,257880.0,бРел
465,10:10:57,39.08,0.0,9,35169.0,бРел
466,10:11:00,39.08,0.0,23,89884.0,бРел
467,10:11:06,39.07,-0.00999999999999801,10,39070.0,бТел
468,10:11:09,39.09,0.020000000000003126,61,238396.0,бРел
469,10:11:12,39.09,0.0,1,3909.0,бРел
470,10:11:15,39.07,-0.020000000000003126,1,3907.0,бТел
471,10:11:18,39.08,0.00999999999999801,72,281446.0,бТел
472,10:11:21,39.09,0.010000000000005116,10,39089.0,бРел
473,10:11:24,39.08,-0.010000000000005116,1,3908.0,бТел
474,10:11:27,39.08,0.0,15,58648.0,бТел
475,10:11:36,39.1,0.020000000000003126,12,46911.0,бРел
476,10:11:42,39.09,-0.00999999999999801,1,3909.0,бРел
477,10:11:48,39.09,0.0,4,15636.0,бРел
478,10:11:51,39.08,-0.010000000000005116,7,27356.0,бТел
479,10:11:57,39.09,0.010000000000005116,33,128982.0,бРел
480,10:12:09,39.08,-0.010000000000005116,1,3908.0,бРел
481,10:12:12,39.08,0.0,11,42988.0,бРел
482,10:12:15,39.08,0.0,3,11724.0,бРел
483,10:12:18,39.08,0.0,1,3908.0,бРел
484,10:12:24,39.08,0.0,5,19540.0,бРел
485,10:12:30,39.08,0.0,14,54712.0,бРел
486,10:12:36,39.08,0.0,2,7816.0,бРел
487,10:12:39,39.08,0.0,1,3908.0,бРел
488,10:12:42,39.07,-0.00999999999999801,17,66420.0,бТел
489,10:12:48,39.07,0.0,2,7814.0,бТел
490,10:12:51,39.07,0.0,12,46884.0,бТел
491,10:12:54,39.06,-0.00999999999999801,4,15624.0,бТел
492,10:13:00,39.06,0.0,16,62500.0,бТел
493,10:13:03,39.07,0.00999999999999801,4,15628.0,бРел
494,10:13:06,39.06,-0.00999999999999801,21,82026.0,бТел
495,10:13:09,39.06,0.0,4,15624.0,бРел
496,10:13:12,39.05,-0.010000000000005116,26,101530.0,бТел
497,10:13:15,39.05,0.0,2,7810.0,бРел
498,10:13:18,39.04,-0.00999999999999801,2,7809.0,бТел
499,10:13:24,39.05,0.00999999999999801,22,85897.0,бРел
500,10:13:30,39.02,-0.02999999999999403,20,78064.0,бТел
501,10:13:42,39.04,0.01999999999999602,1,3904.0,бТел
502,10:13:45,39.04,0.0,4,15616.0,бТел
503,10:13:48,39.04,0.0,1,3904.0,бРел
504,10:13:54,39.03,-0.00999999999999801,16,62465.0,бТел
505,10:13:57,39.04,0.00999999999999801,3,11712.0,жпптел
506,10:14:06,39.03,-0.00999999999999801,1,3903.0,бТел
507,10:14:09,39.03,0.0,2,7806.0,бРел
508,10:14:12,39.03,0.0,2,7806.0,бРел
509,10:14:18,39.02,-0.00999999999999801,16,62432.0,бТел
510,10:14:24,39.03,0.00999999999999801,12,46833.0,бРел
511,10:14:27,39.01,-0.020000000000003126,9,35117.0,бТел
512,10:14:36,39.01,0.0,13,50713.0,бТел
513,10:14:39,39.01,0.0,1,3901.0,бРел
514,10:14:45,39.0,-0.00999999999999801,10,39000.0,бТел
515,10:14:51,39.0,0.0,12,46800.0,бТел
516,10:15:00,39.0,0.0,15,58500.0,бТел
517,10:15:03,39.0,0.0,5,19500.0,бТел
518,10:15:06,38.98,-0.020000000000003126,3,11694.0,бТел
519,10:15:09,39.0,0.020000000000003126,9,35100.0,бРел
520,10:15:18,39.0,0.0,11,42880.0,бРел
521,10:15:24,39.0,0.0,18,70200.0,бРел
522,10:15:27,39.0,0.0,32,124819.0,бТел
523,10:15:33,39.0,0.0,1,3900.0,бРел
524,10:15:36,39.0,0.0,10,39000.0,бРел
525,10:15:39,38.97,-0.030000000000001137,7,27282.0,бТел
526,10:15:57,38.98,0.00999999999999801,2,7796.0,бРел
527,10:16:06,38.98,0.0,5,19490.0,бРел
528,10:16:12,38.97,-0.00999999999999801,10,38970.0,бТел
529,10:16:18,38.97,0.0,1,3897.0,бРел
530,10:16:24,38.98,0.00999999999999801,6,23387.0,бРел
531,10:16:27,39.0,0.020000000000003126,1,3900.0,бРел
532,10:16:33,38.98,-0.020000000000003126,21,81878.0,бТел
533,10:16:36,38.98,0.0,1,3898.0,бТел
534,10:16:39,38.98,0.0,5,19490.0,бРел
535,10:16:48,38.98,0.0,1,3898.0,бРел
536,10:16:57,38.96,-0.01999999999999602,10,38960.0,бТел
537,10:17:03,38.96,0.0,2,7792.0,бРел
538,10:17:06,38.96,0.0,2,7792.0,бРел
539,10:17:09,38.96,0.0,6,23371.0,бРел
540,10:17:15,38.95,-0.00999999999999801,4,15581.0,бТел
541,10:17:21,38.98,0.02999999999999403,13,50651.0,бРел
542,10:17:27,38.98,0.0,3,11694.0,бРел
543,10:17:36,38.95,-0.02999999999999403,1,3895.0,бРел
544,10:17:57,38.95,0.0,11,42845.0,бРел
545,10:18:00,38.95,0.0,1,3895.0,бРел
546,10:18:03,38.94,-0.010000000000005116,9,35049.0,бТел
547,10:18:09,38.95,0.010000000000005116,1,3895.0,бРел
548,10:18:12,38.94,-0.010000000000005116,17,66198.0,бТел
549,10:18:18,38.94,0.0,6,23364.0,бРел
550,10:18:21,38.94,0.0,20,77880.0,бРел
551,10:18:27,38.94,0.0,5,19470.0,бРел
552,10:18:30,38.94,0.0,20,77880.0,бРел
553,10:18:33,38.94,0.0,20,78654.79999999702,бРел
554,10:18:39,38.95,0.010000000000005116,5,19475.0,бРел
555,10:18:42,38.94,-0.010000000000005116,9,35046.0,бТел
556,10:18:48,38.95,0.010000000000005116,6,23370.0,бРел
557,10:18:54,38.94,-0.010000000000005116,10,38940.0,бТел
558,10:19:06,38.95,0.010000000000005116,6,23365.0,бРел
559,10:19:09,38.95,0.0,1,3895.0,бРел
560,10:19:21,38.98,0.02999999999999403,26,101348.0,бРел
561,10:19:27,38.95,-0.02999999999999403,14,54545.0,бТел
562,10:19:33,38.95,0.0,1,3895.0,бРел
563,10:19:39,38.94,-0.010000000000005116,8,31152.0,бТел
564,10:19:48,38.94,0.0,0,3115.2000000029802,бТел
565,10:19:54,38.92,-0.01999999999999602,7,27246.0,бТел
566,10:20:03,38.95,0.030000000000001137,12,46735.79999999702,бРел
567,10:20:12,38.94,-0.010000000000005116,6,23364.0,бТел
568,10:20:18,38.95,0.010000000000005116,13,50635.0,бРел
569,10:20:21,38.94,-0.010000000000005116,6,23364.0,бТел
570,10:20:27,38.95,0.010000000000005116,9,35055.0,бРел
571,10:20:36,38.94,-0.010000000000005116,10,38940.0,бТел
572,10:20:45,38.93,-0.00999999999999801,1,3893.0,бТел
573,10:20:48,38.94,0.00999999999999801,5,19470.0,бРел
574,10:20:51,38.94,0.0,23,89562.0,бРел
575,10:21:06,38.95,0.010000000000005116,6,25707.0,бРел
576,10:21:09,38.98,0.02999999999999403,11,42863.0,бРел
577,10:21:18,38.99,0.010000000000005116,10,38983.0,бРел
578,10:21:33,38.98,-0.010000000000005116,9,35082.0,бРел
579,10:21:39,38.95,-0.02999999999999403,1,5453.0,бТел
580,10:21:45,38.98,0.02999999999999403,14,54554.0,бРел
581,10:21:51,38.98,0.0,8,31184.0,бТел
582,10:21:54,38.95,-0.02999999999999403,2,7790.0,бТел
583,10:22:18,38.95,0.0,10,38974.0,бТел
584,10:22:36,38.95,0.0,10,38950.0,бТел
585,10:22:42,38.95,0.0,10,38950.0,бТел
586,10:23:00,38.97,0.01999999999999602,11,42867.0,бРел
587,10:23:15,38.99,0.020000000000003126,35,136455.0,бРел
588,10:23:18,38.97,-0.020000000000003126,6,23382.0,бТел
589,10:23:30,38.97,0.0,1,3897.0,бРел
590,10:23:45,38.97,0.0,11,42867.0,бРел
591,10:23:54,39.0,0.030000000000001137,46,179400.0,бРел
592,10:23:57,39.0,0.0,3,11700.0,бТел
593,10:24:09,38.99,-0.00999999999999801,6,23394.0,бРел
594,10:24:15,39.01,0.01999999999999602,19,74115.0,бРел
595,10:24:30,38.97,-0.03999999999999915,10,38970.0,бТел
596,10:24:36,38.97,0.0,6,23382.0,бТел
597,10:24:48,39.0,0.030000000000001137,2,7797.0,жпптел
598,10:24:57,39.0,0.0,5,19500.0,бРел
599,10:25:00,39.0,0.0,1,3900.0,бТел
600,10:25:03,39.0,0.0,8,31200.0,бТел
601,10:25:12,39.0,0.0,2,7800.0,бРел
602,10:25:18,39.0,0.0,15,58500.0,бРел
603,10:25:36,39.0,0.0,1,3900.0,бРел
604,10:25:48,38.97,-0.030000000000001137,1,3897.0,бТел
605,10:25:51,39.0,0.030000000000001137,14,54600.0,бРел
606,10:25:57,39.0,0.0,1,3900.0,бРел
607,10:26:03,38.97,-0.030000000000001137,3,11695.0,бТел
608,10:26:15,39.0,0.030000000000001137,21,81900.0,бРел
609,10:26:18,38.97,-0.030000000000001137,1,3897.0,бТел
610,10:26:36,39.0,0.030000000000001137,1,3900.0,бРел
611,10:26:39,38.97,-0.030000000000001137,1,3897.0,бТел
612,10:26:45,38.99,0.020000000000003126,1,3899.0,бРел
613,10:26:54,38.98,-0.010000000000005116,1,3898.0,бТел
614,10:27:00,38.99,0.010000000000005116,9,35091.0,бРел
615,10:27:03,38.98,-0.010000000000005116,1,3898.0,бТел
616,10:27:15,38.99,0.010000000000005116,11,42889.0,бРел
617,10:27:24,38.98,-0.010000000000005116,3,11694.0,бТел
618,10:27:36,38.97,-0.00999999999999801,1,3897.0,бТел
619,10:27:45,38.98,0.00999999999999801,1,3898.0,бРел
620,10:27:48,38.97,-0.00999999999999801,4,15588.0,бТел
621,10:28:06,38.98,0.00999999999999801,13,50674.0,бРел
622,10:28:09,38.98,0.0,1,3898.0,бТел
623,10:28:12,38.99,0.010000000000005116,4,15596.0,бРел
624,10:28:15,39.0,0.00999999999999801,8,31194.0,бРел
625,10:28:18,38.99,-0.00999999999999801,6,23394.0,жпптел
626,10:28:21,39.0,0.00999999999999801,89,346946.0,бРел
627,10:28:24,38.98,-0.020000000000003126,10,38980.0,бТел
628,10:28:36,39.0,0.020000000000003126,12,46795.0,бРел
629,10:28:48,38.99,-0.00999999999999801,7,27293.0,бТел
630,10:28:51,38.99,0.0,9,35091.0,бРел
631,10:28:54,38.98,-0.010000000000005116,10,38980.0,бТел
632,10:28:57,38.98,0.0,37,144226.0,бТел
633,10:29:03,38.98,0.0,14,54572.0,бТел
634,10:29:09,38.97,-0.00999999999999801,9,35074.0,бТел
635,10:29:12,38.98,0.00999999999999801,27,105214.0,бРел
636,10:29:15,38.96,-0.01999999999999602,11,42856.0,бТел
637,10:29:21,38.96,0.0,14,54544.0,бТел
638,10:29:24,38.95,-0.00999999999999801,1,3895.0,бТел
639,10:29:27,38.94,-0.010000000000005116,77,299872.0,бТел
640,10:29:33,38.94,0.0,47,183021.0,бТел
641,10:29:39,38.92,-0.01999999999999602,13,50596.0,бТел
642,10:29:42,38.92,0.0,1,3892.0,бТел
643,10:29:54,38.91,-0.010000000000005116,2,7782.0,бТел
644,10:29:57,38.91,0.0,10,38910.0,бТел
645,10:30:06,38.91,0.0,1,3891.0,бТел
646,10:30:12,38.94,0.030000000000001137,14,54500.0,бРел
647,10:30:30,38.92,-0.01999999999999602,0,2296.280000001192,бТел
648,10:30:39,38.92,0.0,15,58370.41000000015,бТел
649,10:30:42,38.94,0.01999999999999602,4,15576.0,бРел
650,10:30:45,38.94,0.0,1,3894.0,бРел
651,10:30:48,38.94,0.0,1,3894.0,жпптел
652,10:30:51,38.95,0.010000000000005116,8,31160.0,бРел
653,10:31:00,38.96,0.00999999999999801,6,23376.0,бРел
654,10:31:03,38.95,-0.00999999999999801,22,85711.0,бТел
655,10:31:12,38.95,0.0,18,70167.0,бТел
656,10:31:15,38.94,-0.010000000000005116,17,66208.0,бТел
657,10:31:21,38.94,0.0,3,11682.0,бРел
658,10:31:39,38.93,-0.00999999999999801,17,66181.0,бТел
659,10:31:45,38.9,-0.030000000000001137,200,778311.4100000001,бТел
660,10:31:54,38.9,0.0,5,19451.0,бТел
661,10:31:57,38.9,0.0,15,58350.0,бТел
662,10:32:09,38.9,0.0,71,276241.0,бТел
663,10:32:15,38.91,0.00999999999999801,10,38910.0,бТел
664,10:32:30,38.91,0.0,13,50615.0,бТел
665,10:32:42,38.91,0.0,4,15564.0,бРел
666,10:32:51,38.91,0.0,5,19455.0,бТел
667,10:32:57,38.9,-0.00999999999999801,6,23346.0,бТел
668,10:33:00,38.94,0.03999999999999915,12,46728.0,бРел
669,10:33:09,38.95,0.010000000000005116,17,66163.80000000075,бРел
670,10:33:27,38.9,-0.05000000000000426,5,19450.0,бТел
671,10:33:54,38.94,0.03999999999999915,2,7788.0,бРел
672,10:34:03,38.92,-0.01999999999999602,2,7784.0,бТел
673,10:34:09,38.94,0.01999999999999602,15,58404.0,бРел
674,10:34:33,38.91,-0.030000000000001137,17,66148.0,бТел
675,10:34:39,38.91,0.0,1,3891.0,бРел
676,10:34:51,38.9,-0.00999999999999801,31,122184.89999999851,бТел
677,10:35:00,38.89,-0.00999999999999801,1,3889.0,бТел
678,10:35:06,38.9,0.00999999999999801,13,50569.0,бРел
679,10:35:15,38.88,-0.01999999999999602,4,15552.0,бТел
680,10:35:27,38.88,0.0,16,62208.0,бТел
681,10:35:30,38.88,0.0,1,3888.0,бТел
682,10:35:39,38.88,0.0,2,7776.0,бРел
683,10:35:54,38.88,0.0,3,11664.0,бРел
684,10:36:06,38.9,0.01999999999999602,21,81648.39999999851,бРел
685,10:36:12,38.88,-0.01999999999999602,1,3888.0,бРел
686,10:36:18,38.88,0.0,1,3888.0,бРел
687,10:36:21,38.9,0.01999999999999602,44,172665.1000000015,бРел
688,10:36:24,38.9,0.0,5,19450.0,бТел
689,10:36:42,38.94,0.03999999999999915,3,11682.0,бРел
690,10:36:57,38.9,-0.03999999999999915,7,29602.89999999851,бТел
691,10:37:06,38.9,0.0,10,38900.0,бРел
692,10:37:15,38.86,-0.03999999999999915,10,38867.0,бТел
693,10:37:24,38.88,0.020000000000003126,1,3888.0,бТел
694,10:37:36,38.88,0.0,8,31104.0,бТел
695,10:37:45,38.86,-0.020000000000003126,6,23317.0,бТел
696,10:37:57,38.86,0.0,51,198186.0,бТел
697,10:38:00,38.86,0.0,1,3886.0,бТел
698,10:38:03,38.85,-0.00999999999999801,11,42743.0,бТел
699,10:38:09,38.86,0.00999999999999801,5,19429.0,бРел
700,10:38:15,38.85,-0.00999999999999801,8,31080.0,бТел
701,10:38:21,38.84,-0.00999999999999801,15,58277.0,бТел
702,10:38:27,38.84,0.0,6,23304.0,бТел
703,10:38:45,38.84,0.0,4,15536.0,бТел
704,10:38:57,38.83,-0.010000000000005116,5,19415.0,бТел
705,10:39:00,38.84,0.010000000000005116,30,116520.0,бРел
706,10:39:09,38.83,-0.010000000000005116,23,89313.0,бТел
707,10:39:15,38.83,0.0,14,54362.0,бРел
708,10:39:18,38.83,0.0,6,23298.0,бРел
709,10:39:21,38.82,-0.00999999999999801,8,31061.0,бТел
710,10:39:24,38.83,0.00999999999999801,6,23297.0,бРел
711,10:39:36,38.8,-0.030000000000001137,100,388145.0,бТел
712,10:39:39,38.83,0.030000000000001137,5,19415.0,жпптел
713,10:39:42,38.84,0.010000000000005116,4,15536.0,бРел
714,10:39:48,38.84,0.0,9,34956.0,бТел
715,10:40:03,38.82,-0.020000000000003126,18,69914.0,бТел
716,10:40:24,38.82,0.0,2,7764.0,бТел
717,10:40:39,38.8,-0.020000000000003126,1,3880.0,бТел
718,10:40:42,38.8,0.0,1,3880.0,бТел
719,10:40:57,38.85,0.05000000000000426,5,19425.0,жпптел
720,10:41:00,38.82,-0.030000000000001137,23,89333.0,бТел
721,10:41:48,38.81,-0.00999999999999801,2,7762.0,бТел
722,10:41:51,38.81,0.0,1,3881.0,бРел
723,10:41:57,38.8,-0.010000000000005116,70,271617.0,бТел
724,10:42:09,38.8,0.0,2,7760.0,бТел
725,10:42:15,38.8,0.0,6,23280.0,бРел
726,10:42:33,38.8,0.0,12,46560.0,бРел
727,10:42:42,38.8,0.0,2,7760.0,бРел
728,10:42:45,38.79,-0.00999999999999801,4,15519.0,бТел
729,10:42:54,38.81,0.020000000000003126,2,7761.0,бРел
730,10:43:00,38.82,0.00999999999999801,6,23291.0,бРел
731,10:43:12,38.82,0.0,1,3882.0,бТел
732,10:43:30,38.86,0.03999999999999915,1,3886.0,бРел
733,10:43:33,38.83,-0.030000000000001137,4,15532.0,бТел
734,10:43:48,38.82,-0.00999999999999801,9,34944.0,бТел
735,10:43:54,38.88,0.060000000000002274,22,85494.0,бРел
736,10:44:00,38.88,0.0,10,38880.0,бТел
737,10:44:06,38.83,-0.05000000000000426,9,34947.0,бТел
738,10:44:12,38.88,0.05000000000000426,9,34992.0,бРел
739,10:44:15,38.89,0.00999999999999801,20,77780.0,бРел
740,10:44:21,38.88,-0.00999999999999801,1,3888.0,бТел
741,10:44:24,38.88,0.0,17,66096.0,бРел
742,10:44:30,38.88,0.0,13,50544.0,бТел
743,10:44:54,38.9,0.01999999999999602,11,42780.0,бРел
744,10:45:39,38.89,-0.00999999999999801,1,3889.0,бРел
745,10:45:54,38.9,0.00999999999999801,30,116630.0,бРел
746,10:46:45,38.89,-0.00999999999999801,5,19445.0,бРел
747,10:46:51,38.89,0.0,117,454331.0,бРел
748,10:46:54,38.88,-0.00999999999999801,1,3888.0,жпптел
749,10:47:30,38.83,-0.05000000000000426,1,3883.0,бТел
750,10:47:48,38.82,-0.00999999999999801,2,7765.0,бТел
751,10:47:51,38.88,0.060000000000002274,25,97162.0,бРел
752,10:47:54,38.86,-0.020000000000003126,1,3886.0,бРел
753,10:47:57,38.83,-0.030000000000001137,6,23298.0,бТел
754,10:48:27,38.86,0.030000000000001137,8,31088.0,бРел
755,10:48:36,38.83,-0.030000000000001137,2,7766.0,бТел
756,10:48:51,38.88,0.05000000000000426,22,85534.0,бРел
757,10:49:12,38.88,0.0,5,19440.0,бРел
758,10:49:21,38.88,0.0,19,73871.0,бРел
759,10:49:27,38.88,0.0,5,19440.0,бТел
760,10:49:48,38.88,0.0,15,58304.0,бРел
761,10:49:57,38.8,-0.0800000000000054,94,364775.0,бТел
762,10:50:09,38.83,0.030000000000001137,3,11649.0,бРел
763,10:50:21,38.79,-0.03999999999999915,1,3879.0,бТел
764,10:50:27,38.83,0.03999999999999915,8,31061.0,бРел
765,10:50:30,38.83,0.0,31,120253.0,бРел
766,10:50:48,38.83,0.0,7,27175.0,бРел
767,10:50:51,38.79,-0.03999999999999915,6,23286.0,бТел
768,10:51:30,38.71,-0.0799999999999983,90,348857.8400000036,бТел
769,10:51:33,38.81,0.10000000000000142,2,7762.0,бТел
770,10:51:36,38.79,-0.020000000000003126,8,31018.0,бТел
771,10:51:42,38.77,-0.01999999999999602,1,3877.0,бРел
772,10:51:48,38.72,-0.05000000000000426,22,85297.0,бТел
773,10:51:57,38.72,0.0,2,7744.0,бТел
774,10:52:09,38.72,0.0,6,23232.0,жпптел
775,10:52:21,38.75,0.030000000000001137,1,3875.0,бРел
776,10:52:24,38.79,0.03999999999999915,19,73677.0,бРел
777,10:52:27,38.8,0.00999999999999801,12,46560.0,бТел
778,10:52:30,38.73,-0.07000000000000028,6,23240.0,бТел
779,10:52:33,38.73,0.0,3,11619.0,жпптел
780,10:52:39,38.72,-0.00999999999999801,1,3872.0,бТел
781,10:52:48,38.75,0.030000000000001137,10,38750.0,бРел
782,10:52:57,38.73,-0.020000000000003126,7,27123.0,бТел
783,10:53:18,38.74,0.010000000000005116,2,7748.0,бТел
784,10:53:24,38.74,0.0,2,7749.0,бТел
785,10:53:36,38.74,0.0,10,38740.0,бТел
786,10:53:39,38.73,-0.010000000000005116,13,50370.0,бТел
787,10:53:45,38.75,0.020000000000003126,25,96871.0,бРел
788,10:53:54,38.73,-0.020000000000003126,3,11620.0,бТел
789,10:54:06,38.75,0.020000000000003126,64,248000.0,бРел
790,10:54:12,38.75,0.0,6,23250.0,бТел
791,10:54:15,38.76,0.00999999999999801,7,27156.0,жпптел
792,10:54:18,38.75,-0.00999999999999801,1,3875.0,бТел
793,10:54:45,38.82,0.07000000000000028,14,54326.0,бРел
794,10:54:54,38.76,-0.060000000000002274,1,3876.0,бТел
795,10:55:21,38.76,0.0,12,46512.0,бТел
796,10:55:27,38.75,-0.00999999999999801,2,7750.0,бТел
797,10:55:30,38.75,0.0,3,11625.0,бТел
798,10:55:33,38.75,0.0,5,19375.0,бТел
799,10:55:39,38.74,-0.00999999999999801,6,23244.0,бТел
800,10:55:42,38.73,-0.010000000000005116,10,38732.0,бТел
801,10:55:48,38.72,-0.00999999999999801,61,236243.0,бТел
802,10:55:51,38.72,0.0,1,3872.0,бТел
803,10:55:54,38.72,0.0,13,50336.0,бТел
804,10:55:57,38.71,-0.00999999999999801,48,185852.0,бТел
805,10:56:00,38.71,0.0,2,7742.0,бТел
806,10:56:03,38.7,-0.00999999999999801,20,77414.42000000179,бТел
807,10:56:06,38.7,0.0,2,7740.0,бТел
808,10:56:09,38.7,0.0,14,54180.0,бТел
809,10:56:12,38.7,0.0,25,98375.39999999851,бТел
810,10:56:15,38.69,-0.010000000000005116,7,27083.0,бТел
811,10:56:18,38.69,0.0,4,15476.0,бТел
812,10:56:21,38.69,0.0,2,7738.0,бТел
813,10:56:24,38.7,0.010000000000005116,5,19348.0,бРел
814,10:56:27,38.7,0.0,17,65790.0,бТел
815,10:56:30,38.71,0.00999999999999801,4,15483.0,бРел
816,10:56:33,38.69,-0.020000000000003126,10,38699.0,бТел
817,10:56:36,38.7,0.010000000000005116,2,7740.0,бРел
818,10:56:39,38.7,0.0,2,7740.0,бТел
819,10:56:42,38.74,0.03999999999999915,5,19368.0,бРел
820,10:56:48,38.69,-0.05000000000000426,75,290266.0,бТел
821,10:56:51,38.72,0.030000000000001137,6,23232.0,жпптел
822,10:56:54,38.69,-0.030000000000001137,7,27095.0,бТел
823,10:57:00,38.69,0.0,2,7738.0,бТел
824,10:57:09,38.69,0.0,1,3869.0,бТел
825,10:57:21,38.74,0.05000000000000426,12,46484.0,бРел
826,10:57:24,38.74,0.0,6,23244.0,бРел
827,10:57:27,38.7,-0.03999999999999915,1,3870.0,жпптел
828,10:57:30,38.7,0.0,2,7744.0,бТел
829,10:57:36,38.7,0.0,3,11610.0,бТел
830,10:57:42,38.73,0.02999999999999403,5,19353.0,бРел
831,10:57:45,38.76,0.030000000000001137,19,73635.0,бРел
832,10:57:48,38.7,-0.05999999999999517,1,3870.0,бТел
833,10:57:51,38.7,0.0,2,7740.0,бТел
834,10:57:54,38.7,0.0,3,11618.0,бТел
835,10:57:57,38.7,0.0,1,3870.0,бТел
836,10:58:00,38.7,0.0,6,23220.0,бТел
837,10:58:03,38.76,0.05999999999999517,6,23256.0,бРел
838,10:58:06,38.76,0.0,2,7747.0,бРел
839,10:58:09,38.76,0.0,2,7746.0,бРел
840,10:58:27,38.6,-0.1599999999999966,200,772885.1999999955,бТел
841,10:58:33,38.61,0.00999999999999801,20,77224.0,бТел
842,10:58:42,38.61,0.0,2,7722.0,бТел
843,10:58:45,38.76,0.14999999999999858,11,42636.0,бРел
844,10:58:51,38.64,-0.11999999999999744,1,3864.0,бТел
845,10:58:57,38.76,0.11999999999999744,5,19380.0,бРел
846,10:59:03,38.63,-0.12999999999999545,2,7739.0,бТел
847,10:59:36,38.75,0.11999999999999744,5,19375.0,бРел
848,10:59:42,38.76,0.00999999999999801,19,73638.0,бРел
849,10:59:48,38.76,0.0,6,23223.0,бРел
850,10:59:54,38.76,0.0,1,3876.0,бРел
851,11:00:03,38.66,-0.10000000000000142,2,7732.0,бТел
852,11:00:12,38.76,0.10000000000000142,12,46512.0,бРел
853,11:00:15,38.66,-0.10000000000000142,2,7732.0,бТел
854,11:00:18,38.66,0.0,6,23196.0,бТел
855,11:00:24,38.66,0.0,8,30928.0,бТел
856,11:00:27,38.66,0.0,1,3866.0,бТел
857,11:00:33,38.66,0.0,2,7731.0,бРел
858,11:00:36,38.66,0.0,1,3866.0,бРел
859,11:00:42,38.65,-0.00999999999999801,27,104373.0,бТел
860,11:00:45,38.66,0.00999999999999801,1,3866.0,бРел
861,11:00:48,38.65,-0.00999999999999801,15,57975.0,бТел
862,11:00:51,38.66,0.00999999999999801,1,3866.0,бРел
863,11:00:54,38.65,-0.00999999999999801,14,54122.0,бТел
864,11:01:00,38.65,0.0,2,7730.0,бТел
865,11:01:03,38.64,-0.00999999999999801,2,7729.0,бТел
866,11:01:09,38.64,0.0,4,15456.0,бТел
867,11:01:12,38.64,0.0,17,65717.0,бТел
868,11:01:18,38.64,0.0,2,7728.0,бТел
869,11:01:27,38.65,0.00999999999999801,6,23190.0,бРел
870,11:01:36,38.63,-0.01999999999999602,40,154563.0,бТел
871,11:01:42,38.63,0.0,18,69573.0,бТел
872,11:01:48,38.63,0.0,2,7726.0,бТел
873,11:01:57,38.65,0.01999999999999602,2,7730.0,бТел
874,11:02:09,38.65,0.0,1,3865.0,бТел
875,11:02:12,38.65,0.0,1,3865.0,бРел
876,11:02:18,38.63,-0.01999999999999602,1,3863.0,бТел
877,11:02:21,38.65,0.01999999999999602,2,7730.0,бРел
878,11:02:24,38.65,0.0,1,3865.0,бРел
879,11:02:30,38.64,-0.00999999999999801,18,69568.0,бТел
880,11:02:36,38.63,-0.00999999999999801,2,7727.0,бТел
881,11:02:39,38.68,0.04999999999999716,19,73446.0,бРел
882,11:02:42,38.68,0.0,1,3868.0,бТел
883,11:02:45,38.74,0.060000000000002274,6,23216.0,жпптел
884,11:02:51,38.74,0.0,9,34814.0,бРел
885,11:03:09,38.63,-0.10999999999999943,3,11593.0,бТел
886,11:03:15,38.64,0.00999999999999801,8,30912.0,бТел
887,11:03:18,38.64,0.0,9,34776.0,бТел
888,11:03:21,38.64,0.0,8,30912.0,бТел
889,11:03:30,38.64,0.0,4,15454.0,жпптел
890,11:03:36,38.63,-0.00999999999999801,20,77260.0,бТел
891,11:03:39,38.65,0.01999999999999602,22,85020.0,бРел
892,11:03:42,38.64,-0.00999999999999801,4,15452.0,жпптел
893,11:03:45,38.64,0.0,4,15456.0,бТел
894,11:03:48,38.64,0.0,2,7728.0,бТел
895,11:03:51,38.62,-0.020000000000003126,10,38626.0,бТел
896,11:03:57,38.62,0.0,44,169928.0,бТел
897,11:04:00,38.61,-0.00999999999999801,10,38610.0,бТел
898,11:04:06,38.61,0.0,8,30888.0,бТел
899,11:04:09,38.6,-0.00999999999999801,99,382234.0,бТел
900,11:04:12,38.6,0.0,27,104221.0,бТел
901,11:04:15,38.6,0.0,4,16984.0,бТел
902,11:04:18,38.58,-0.020000000000003126,2,7716.0,бТел
903,11:04:24,38.6,0.020000000000003126,5,19300.0,бРел
904,11:04:30,38.58,-0.020000000000003126,2,7716.0,бТел
905,11:04:33,38.58,0.0,34,131172.0,бТел
906,11:04:39,38.58,0.0,33,127335.0,бТел
907,11:04:42,38.56,-0.01999999999999602,3,11569.0,бТел
908,11:04:45,38.56,0.0,3,11568.0,бТел
909,11:04:48,38.56,0.0,1,3856.0,бТел
910,11:04:54,38.56,0.0,22,84860.0,бТел
911,11:04:57,38.56,0.0,6,23138.0,бРел
912,11:05:00,38.56,0.0,6,23136.0,бТел
913,11:05:03,38.55,-0.010000000000005116,42,161911.0,бТел
914,11:05:09,38.55,0.0,18,69394.0,бТел
915,11:05:12,38.55,0.0,1,3855.0,бТел
916,11:05:15,38.55,0.0,9,34695.0,бТел
917,11:05:18,38.55,0.0,33,127237.0,бТел
918,11:05:24,38.54,-0.00999999999999801,30,115645.0,бТел
919,11:05:33,38.54,0.0,1,3854.0,бТел
920,11:05:36,38.54,0.0,22,84788.0,бРел
921,11:05:39,38.54,0.0,3,11562.0,бРел
922,11:05:42,38.54,0.0,10,38540.0,бРел
923,11:05:45,38.53,-0.00999999999999801,82,315955.0,бТел
924,11:05:48,38.54,0.00999999999999801,19,73208.0,бРел
925,11:05:51,38.53,-0.00999999999999801,9,34677.0,бРел
926,11:05:54,38.52,-0.00999999999999801,15,57784.0,бТел
927,11:05:57,38.52,0.0,46,177192.0,бТел
928,11:06:03,38.52,0.0,11,42364.0,бРел
929,11:06:06,38.51,-0.010000000000005116,10,38516.0,бТел
930,11:06:09,38.52,0.010000000000005116,24,92441.0,бРел
931,11:06:12,38.51,-0.010000000000005116,35,134791.0,бТел
932,11:06:15,38.52,0.010000000000005116,3,11556.0,бРел
933,11:06:24,38.52,0.0,7,26964.0,бРел
934,11:06:27,38.51,-0.010000000000005116,4,15405.0,бТел
935,11:06:33,38.54,0.030000000000001137,63,242688.0,бРел
936,11:06:36,38.53,-0.00999999999999801,2,7707.0,жпптел
937,11:06:39,38.54,0.00999999999999801,6,23125.0,жпптел
938,11:06:45,38.53,-0.00999999999999801,10,38530.0,бТел
939,11:06:48,38.53,0.0,5,19267.0,бТел
940,11:06:51,38.58,0.04999999999999716,6,23148.0,бРел
941,11:06:54,38.54,-0.03999999999999915,17,65526.0,бТел
942,11:07:00,38.58,0.03999999999999915,2,7716.0,бРел
943,11:07:09,38.58,0.0,2,7716.0,бРел
944,11:07:15,38.55,-0.030000000000001137,4,15422.0,бТел
945,11:07:18,38.55,0.0,5,19275.0,бТел
946,11:07:30,38.58,0.030000000000001137,21,81018.0,бРел
947,11:07:36,38.58,0.0,18,69444.0,бРел
948,11:07:42,38.58,0.0,11,42438.0,бРел
949,11:07:45,38.55,-0.030000000000001137,24,92520.0,бТел
950,11:07:48,38.55,0.0,11,42405.0,бРел
951,11:07:54,38.55,0.0,6,23130.0,бРел
952,11:07:57,38.55,0.0,13,50105.0,бРел
953,11:08:00,38.55,0.0,6,23130.0,бРел
954,11:08:03,38.55,0.0,2,7710.0,бРел
955,11:08:06,38.55,0.0,5,19275.0,бРел
956,11:08:15,38.55,0.0,20,77100.0,бРел
957,11:08:18,38.55,0.0,2,7710.0,бРел
958,11:08:21,38.55,0.0,16,61677.0,бРел
959,11:08:24,38.55,0.0,4,15417.0,бРел
960,11:08:27,38.58,0.030000000000001137,23,90220.0,бРел
961,11:08:30,38.58,0.0,9,34720.0,бРел
962,11:08:36,38.58,0.0,1,3858.0,бРел
963,11:08:48,38.55,-0.030000000000001137,13,50115.0,бТел
964,11:08:51,38.55,0.0,4,15420.0,бТел
965,11:09:12,38.55,0.0,22,84850.0,бТел
966,11:09:15,38.56,0.010000000000005116,5,19276.0,бРел
967,11:09:18,38.56,0.0,6,23136.0,бРел
968,11:09:27,38.56,0.0,4,15424.0,бРел
969,11:09:30,38.58,0.01999999999999602,11,42426.0,бРел
970,11:09:36,38.56,-0.01999999999999602,1,3856.0,жпптел
971,11:09:45,38.58,0.01999999999999602,1,3858.0,бРел
972,11:09:57,38.56,-0.01999999999999602,16,61696.0,бТел
973,11:10:00,38.56,0.0,5,19280.0,бРел
974,11:10:06,38.56,0.0,10,38560.0,бРел
975,11:10:12,38.55,-0.010000000000005116,5,19277.0,бТел
976,11:10:18,38.55,0.0,36,138783.0,бТел
977,11:10:21,38.55,0.0,2,10023.0,бТел
978,11:10:24,38.55,0.0,1,3855.0,бРел
979,11:10:30,38.56,0.010000000000005116,30,115663.0,бРел
980,11:10:36,38.56,0.0,6,23134.0,бРел
981,11:10:39,38.55,-0.010000000000005116,20,77100.0,бРел
982,11:10:42,38.55,0.0,1,3855.0,бРел
983,11:10:48,38.53,-0.01999999999999602,4,18496.40000000596,бТел
984,11:10:51,38.52,-0.00999999999999801,10,39295.59999999404,бТел
985,11:10:57,38.53,0.00999999999999801,6,23118.0,бРел
986,11:11:06,38.53,0.0,3,11559.0,бРел
987,11:11:09,38.51,-0.020000000000003126,15,57776.0,бТел
988,11:11:15,38.53,0.020000000000003126,1,3853.0,бРел
989,11:11:24,38.53,0.0,45,176397.40000000596,бРел
990,11:11:30,38.55,0.01999999999999602,24,92518.0,бРел
991,11:11:42,38.53,-0.01999999999999602,10,39262.0700000003,бТел
992,11:11:45,38.53,0.0,8,30824.0,бТел
993,11:11:48,38.53,0.0,3,11559.0,бРел
994,11:11:51,38.53,0.0,1,3853.0,бРел
995,11:11:54,38.53,0.0,1,3853.0,бРел
996,11:12:03,38.53,0.0,5,19265.0,бРел
997,11:12:06,38.53,0.0,1,6164.79999999702,бРел
998,11:12:12,38.53,0.0,5,19265.0,бТел
999,11:12:27,38.53,0.0,3,11559.0,бТел
1000,11:12:30,38.55,0.01999999999999602,24,92520.0,бРел
1001,11:12:39,38.53,-0.01999999999999602,2,7706.0,бТел
1002,11:13:18,38.53,0.0,4,15412.0,бТел
1003,11:13:27,38.55,0.01999999999999602,11,42409.0,бРел
1004,11:13:30,38.53,-0.01999999999999602,12,46254.0,бТел
1005,11:13:39,38.55,0.01999999999999602,2,7710.0,бТел
1006,11:13:45,38.55,0.0,6,23130.0,бТел
1007,11:13:48,38.56,0.010000000000005116,10,38560.0,бРел
1008,11:13:54,38.55,-0.010000000000005116,15,57825.0,бТел
1009,11:13:57,38.56,0.010000000000005116,10,38557.0,бРел
1010,11:14:06,38.55,-0.010000000000005116,1,3855.0,бРел
1011,11:14:09,38.55,0.0,1,3855.0,бРел
1012,11:14:12,38.53,-0.01999999999999602,10,38535.0,бТел
1013,11:14:15,38.55,0.01999999999999602,5,19275.0,бРел
1014,11:14:18,38.55,0.0,2,7711.0,бТел
1015,11:14:24,38.58,0.030000000000001137,16,61719.0,бРел
1016,11:14:27,38.55,-0.030000000000001137,10,38550.0,бТел
1017,11:14:30,38.58,0.030000000000001137,4,15430.0,бРел
1018,11:14:33,38.55,-0.030000000000001137,3,11565.0,бТел
1019,11:14:36,38.56,0.010000000000005116,2,7712.0,бРел
1020,11:14:39,38.56,0.0,1,3856.0,бТел
1021,11:15:00,38.56,0.0,5,19280.0,бТел
1022,11:15:06,38.55,-0.010000000000005116,18,69390.0,бТел
1023,11:15:09,38.56,0.010000000000005116,15,57829.0,бРел
1024,11:15:15,38.54,-0.020000000000003126,12,46246.0,бТел
1025,11:15:18,38.53,-0.00999999999999801,55,213411.20000000298,бТел
1026,11:15:21,38.51,-0.020000000000003126,28,107828.0,бТел
1027,11:15:24,38.51,0.0,10,38509.0,бРел
1028,11:15:27,38.5,-0.00999999999999801,42,161702.0,бТел
1029,11:15:30,38.5,0.0,19,73150.0,бТел
1030,11:15:33,38.5,0.0,3,11550.0,бТел
1031,11:15:36,38.51,0.00999999999999801,7,26952.0,бРел
1032,11:15:39,38.5,-0.00999999999999801,29,111656.0,бТел
1033,11:15:42,38.5,0.0,1,3850.0,бРел
1034,11:15:51,38.48,-0.020000000000003126,10,38481.0,бТел
1035,11:15:54,38.48,0.0,14,53872.0,бТел
1036,11:15:57,38.48,0.0,37,142377.0,бТел
1037,11:16:03,38.47,-0.00999999999999801,15,57712.0,бТел
1038,11:16:09,38.44,-0.030000000000001137,10,38447.0,бТел
1039,11:16:12,38.43,-0.00999999999999801,6,23058.0,бТел
1040,11:16:15,38.43,0.0,1,3843.0,бРел
1041,11:16:21,38.42,-0.00999999999999801,8,30736.0,бТел
1042,11:16:24,38.44,0.01999999999999602,13,49971.0,бРел
1043,11:16:27,38.42,-0.01999999999999602,6,23053.0,бТел
1044,11:16:30,38.42,0.0,4,15366.0,бРел
1045,11:16:33,38.41,-0.010000000000005116,4,15366.0,бТел
1046,11:16:36,38.41,0.0,1,3841.0,бРел
1047,11:16:39,38.41,0.0,3,11525.0,бТел
1048,11:16:45,38.42,0.010000000000005116,16,61472.0,бТел
1049,11:16:48,38.44,0.01999999999999602,5,19220.0,бРел
1050,11:16:51,38.44,0.0,1,3844.0,бТел
1051,11:16:54,38.45,0.010000000000005116,1,3845.0,бТел
1052,11:16:57,38.41,-0.04000000000000625,7,26889.0,бТел
1053,11:17:00,38.41,0.0,36,138302.0,бТел
1054,11:17:06,38.45,0.04000000000000625,2,7690.0,жпптел
1055,11:17:09,38.4,-0.05000000000000426,50,192031.0,бТел
1056,11:17:15,38.45,0.05000000000000426,1,3845.0,бРел
1057,11:17:18,38.42,-0.030000000000001137,14,53794.0,бТел
1058,11:17:21,38.48,0.05999999999999517,20,76903.0,бРел
1059,11:17:27,38.43,-0.04999999999999716,20,76852.0,бТел
1060,11:17:30,38.42,-0.00999999999999801,11,42262.0,бТел
1061,11:17:33,38.45,0.030000000000001137,25,96094.0,бРел
1062,11:17:36,38.41,-0.04000000000000625,11,42252.0,бТел
1063,11:17:42,38.42,0.010000000000005116,63,241939.0,бРел
1064,11:17:45,38.41,-0.010000000000005116,2,7681.0,жпптел
1065,11:17:48,38.42,0.010000000000005116,3,11525.0,бРел
1066,11:17:54,38.39,-0.030000000000001137,5,19198.0,бТел
1067,11:18:00,38.42,0.030000000000001137,5,19203.0,бРел
1068,11:18:03,38.34,-0.0799999999999983,78,299277.0,бТел
1069,11:18:12,38.34,0.0,6,23004.0,бТел
1070,11:18:15,38.34,0.0,7,26840.0,бТел
1071,11:18:21,38.36,0.01999999999999602,71,272123.0,бРел
1072,11:18:27,38.31,-0.04999999999999716,10,38310.0,бТел
1073,11:18:30,38.32,0.00999999999999801,58,222183.0,жпптел
1074,11:18:33,38.3,-0.020000000000003126,50,191520.0,бТел
1075,11:18:36,38.3,0.0,118,451736.56999999285,бТел
1076,11:18:42,38.3,0.0,6,22980.0,бРел
1077,11:18:45,38.3,0.0,9,34470.0,бРел
1078,11:18:48,38.31,0.010000000000005116,8,30647.0,бРел
1079,11:18:54,38.3,-0.010000000000005116,4,15320.0,бТел
1080,11:19:00,38.3,0.0,10,38300.0,бТел
1081,11:19:03,38.31,0.010000000000005116,4,15324.0,бРел
1082,11:19:09,38.29,-0.020000000000003126,20,76580.0,бТел
1083,11:19:12,38.29,0.0,28,107212.0,жпптел
1084,11:19:15,38.35,0.060000000000002274,25,95835.0,бРел
1085,11:19:21,38.35,0.0,25,98981.35000000149,бРел
1086,11:19:24,38.36,0.00999999999999801,97,372062.950000003,бРел
1087,11:19:27,38.48,0.11999999999999744,6,23076.0,бРел
1088,11:19:33,38.48,0.0,14,53726.0,бРел
1089,11:19:36,38.5,0.020000000000003126,6,23098.0,бРел
1090,11:19:48,38.35,-0.14999999999999858,1,3835.0,бТел
1091,11:20:00,38.47,0.11999999999999744,1,3847.0,бРел
1092,11:20:12,38.47,0.0,10,38468.0,бРел
1093,11:20:15,38.47,0.0,1,3847.0,бТел
1094,11:20:18,38.5,0.030000000000001137,31,119309.0,бРел
1095,11:20:21,38.47,-0.030000000000001137,1,3847.0,бТел
1096,11:20:24,38.49,0.020000000000003126,3,11545.0,бРел
1097,11:20:30,38.47,-0.020000000000003126,10,38474.0,бТел
1098,11:20:39,38.47,0.0,7,26929.0,бРел
1099,11:20:48,38.46,-0.00999999999999801,6,23076.0,бРел
1100,11:21:03,38.46,0.0,2,7691.0,бРел
1101,11:21:09,38.46,0.0,2,7692.0,бРел
1102,11:21:12,38.46,0.0,4,15384.0,бРел
1103,11:21:18,38.46,0.0,17,65382.0,бРел
1104,11:21:30,38.46,0.0,7,26892.0,бРел
1105,11:21:48,38.46,0.0,1,3846.0,бРел
1106,11:21:51,38.46,0.0,15,61459.07999999821,бРел
1107,11:21:57,38.47,0.00999999999999801,2,7694.0,бРел
1108,11:22:00,38.41,-0.060000000000002274,11,42347.92000000179,бТел
1109,11:22:09,38.41,0.0,2,7682.0,бРел
1110,11:22:12,38.46,0.05000000000000426,35,134465.1000000015,бРел
1111,11:22:18,38.46,0.0,18,69228.0,бРел
1112,11:22:21,38.46,0.0,2,11461.079999998212,бРел
1113,11:22:27,38.47,0.00999999999999801,14,53858.0,бРел
1114,11:22:33,38.47,0.0,5,19235.0,бРел
1115,11:22:36,38.5,0.030000000000001137,8,30788.0,бРел
1116,11:22:39,38.5,0.0,6,23080.0,бРел
1117,11:22:48,38.5,0.0,1,3850.0,бРел
1118,11:22:54,38.5,0.0,5,19250.0,бРел
1119,11:23:00,38.5,0.0,1,3850.0,бРел
1120,11:23:06,38.5,0.0,1,3850.0,бРел
1121,11:23:15,38.52,0.020000000000003126,15,57774.0,бРел
1122,11:23:24,38.47,-0.05000000000000426,25,96200.0,бТел
1123,11:23:27,38.5,0.030000000000001137,6,23100.0,бРел
1124,11:23:30,38.5,0.0,1,3850.0,бРел
1125,11:23:39,38.5,0.0,1,3850.0,бРел
1126,11:23:42,38.5,0.0,2,9235.79999999702,бРел
1127,11:23:48,38.5,0.0,10,38473.0,бРел
1128,11:23:51,38.5,0.0,55,211514.70000000298,бРел
1129,11:23:54,38.5,0.0,3,11548.0,бРел
1130,11:23:57,38.47,-0.030000000000001137,1,3847.0,бТел
1131,11:24:00,38.49,0.020000000000003126,1,3849.0,бРел
1132,11:24:03,38.5,0.00999999999999801,12,46197.0,бРел
1133,11:24:09,38.5,0.0,33,127038.0,бРел
1134,11:24:15,38.5,0.0,18,69300.0,бРел
1135,11:24:27,38.5,0.0,2,7700.0,бТел
1136,11:24:33,38.5,0.0,6,23100.0,бТел
1137,11:24:36,38.5,0.0,1,3850.0,бРел
1138,11:24:42,38.5,0.0,2,7700.0,бРел
1139,11:24:48,38.5,0.0,5,19250.0,бТел
1140,11:24:51,38.5,0.0,2,7700.0,бТел
1141,11:25:00,38.53,0.030000000000001137,1,3853.0,бРел
1142,11:25:03,38.55,0.01999999999999602,12,46254.0,бРел
1143,11:25:09,38.5,-0.04999999999999716,16,61630.0,бТел
1144,11:25:15,38.56,0.060000000000002274,15,57829.0,бРел
1145,11:25:36,38.56,0.0,1,3856.0,бРел
1146,11:25:39,38.56,0.0,7,26980.0,бРел
1147,11:25:48,38.5,-0.060000000000002274,9,34650.0,бТел
1148,11:25:51,38.43,-0.07000000000000028,2,7686.0,бТел
1149,11:26:00,38.5,0.07000000000000028,16,61600.0,бРел
1150,11:26:18,38.56,0.060000000000002274,10,38558.0,бРел
1151,11:26:24,38.55,-0.010000000000005116,11,42414.0,бТел
1152,11:26:30,38.49,-0.05999999999999517,21,80849.0,бТел
1153,11:26:36,38.47,-0.020000000000003126,2,7694.0,бРел
1154,11:26:39,38.42,-0.04999999999999716,6,23054.0,бТел
1155,11:26:42,38.43,0.00999999999999801,18,69218.0,жпптел
1156,11:26:45,38.42,-0.00999999999999801,14,53824.0,бТел
1157,11:26:48,38.47,0.04999999999999716,14,53858.0,бРел
1158,11:26:51,38.47,0.0,1,3847.0,бТел
1159,11:27:06,38.47,0.0,2,7694.0,бТел
1160,11:27:09,38.47,0.0,1,3847.0,бТел
1161,11:27:15,38.5,0.030000000000001137,13,50041.0,бРел
1162,11:27:18,38.49,-0.00999999999999801,1,3849.0,жпптел
1163,11:27:27,38.48,-0.010000000000005116,1,3848.0,бРел
1164,11:27:33,38.55,0.07000000000000028,10,38520.0,бРел
1165,11:27:51,38.55,0.0,1,3855.0,бРел
1166,11:28:06,38.55,0.0,1,3855.0,бРел
1167,11:28:09,38.48,-0.07000000000000028,5,19240.0,бТел
1168,11:28:15,38.55,0.07000000000000028,20,77100.0,бРел
1169,11:28:21,38.48,-0.07000000000000028,3,11544.0,бТел
1170,11:28:30,38.47,-0.00999999999999801,6,23082.0,бТел
1171,11:28:36,38.47,0.0,2,7694.0,бРел
1172,11:28:42,38.47,0.0,1,3847.0,бРел
1173,11:28:54,38.45,-0.01999999999999602,6,23070.0,бТел
1174,11:28:57,38.47,0.01999999999999602,6,23082.0,бРел
1175,11:29:03,38.45,-0.01999999999999602,20,76900.0,бТел
1176,11:29:06,38.47,0.01999999999999602,2,7694.0,бРел
1177,11:29:12,38.47,0.0,7,26913.0,бРел
1178,11:29:15,38.47,0.0,16,61552.0,бРел
1179,11:29:21,38.47,0.0,3,11541.0,бРел
1180,11:29:24,38.47,0.0,1,3847.0,бРел
1181,11:29:27,38.47,0.0,12,46164.0,бРел
1182,11:29:30,38.47,0.0,5,19235.0,бРел
1183,11:29:33,38.47,0.0,1,3847.0,бРел
1184,11:29:36,38.47,0.0,4,15388.0,бРел
1185,11:29:45,38.46,-0.00999999999999801,13,49998.0,бРел
1186,11:29:51,38.43,-0.030000000000001137,4,15375.0,бТел
1187,11:29:57,38.43,0.0,7,29863.109999999404,бТел
1188,11:30:00,38.47,0.03999999999999915,5,19235.0,бРел
1189,11:30:03,38.47,0.0,1,3847.0,бРел
1190,13:00:06,38.43,-0.03999999999999915,26,100873.8900000006,бТел
1191,13:00:09,38.42,-0.00999999999999801,304,1170412.7800000012,бТел
1192,13:00:15,38.36,-0.060000000000002274,2,7672.0,бТел
1193,13:00:18,38.36,0.0,2,7669.0,бРел
1194,13:00:21,38.42,0.060000000000002274,16,61472.0,бРел
1195,13:00:24,38.38,-0.03999999999999915,3,11514.0,бТел
1196,13:00:27,38.43,0.04999999999999716,6,23056.60000000149,бРел
1197,13:00:30,38.47,0.03999999999999915,9,34592.39999999851,бРел
1198,13:00:42,38.38,-0.0899999999999963,8,30733.0,бТел
1199,13:00:48,38.38,0.0,19,72961.0,бТел
1200,13:01:03,38.42,0.03999999999999915,2,7684.0,бТел
1201,13:01:06,38.4,-0.020000000000003126,2,7680.0,бРел
1202,13:01:09,38.35,-0.04999999999999716,27,103675.0,бТел
1203,13:01:15,38.4,0.04999999999999716,20,76800.0,бРел
1204,13:01:33,38.4,0.0,5,19200.0,бРел
1205,13:01:39,38.45,0.05000000000000426,2,7685.0,бРел
1206,13:01:42,38.4,-0.05000000000000426,1,3840.0,жпптел
1207,13:01:48,38.37,-0.030000000000001137,7,26874.0,бТел
1208,13:02:21,38.4,0.030000000000001137,3,11520.0,бТел
1209,13:02:24,38.41,0.00999999999999801,3,11523.0,бРел
1210,13:02:27,38.4,-0.00999999999999801,7,26880.0,бТел
1211,13:02:30,38.4,0.0,3,11520.0,бТел
1212,13:02:36,38.4,0.0,2,7680.0,бРел
1213,13:02:39,38.4,0.0,3,11518.0,бРел
1214,13:02:51,38.37,-0.030000000000001137,7,26861.0,бТел
1215,13:02:54,38.38,0.010000000000005116,2,7677.0,жпптел
1216,13:03:00,38.37,-0.010000000000005116,15,57556.0,бТел
1217,13:03:06,38.37,0.0,1,3837.0,бРел
1218,13:03:09,38.36,-0.00999999999999801,1,3836.0,жпптел
1219,13:03:15,38.35,-0.00999999999999801,24,92040.0,бТел
1220,13:03:24,38.34,-0.00999999999999801,17,65179.0,бТел
1221,13:03:39,38.34,0.0,18,69015.0,бТел
1222,13:03:45,38.34,0.0,20,76680.0,бТел
1223,13:03:48,38.35,0.00999999999999801,3,11503.0,бРел
1224,13:03:54,38.34,-0.00999999999999801,5,19170.0,бТел
1225,13:04:03,38.35,0.00999999999999801,1,3835.0,бРел
1226,13:04:12,38.31,-0.03999999999999915,90,344951.0,бТел
1227,13:04:15,38.31,0.0,9,34479.0,бРел
1228,13:04:18,38.3,-0.010000000000005116,5,19150.0,бТел
1229,13:04:21,38.3,0.0,5,19150.0,бТел
1230,13:04:24,38.31,0.010000000000005116,1,3831.0,бРел
1231,13:04:36,38.35,0.03999999999999915,9,34491.0,бРел
1232,13:04:45,38.3,-0.05000000000000426,15,57461.0,бТел
1233,13:05:03,38.3,0.0,21,80430.0,бТел
1234,13:05:18,38.33,0.030000000000001137,2,7666.0,бРел
1235,13:05:21,38.3,-0.030000000000001137,15,57471.0,бТел
1236,13:05:27,38.33,0.030000000000001137,3,11498.0,бРел
1237,13:05:33,38.33,0.0,1,3833.0,бТел
1238,13:05:36,38.34,0.010000000000005116,1,3834.0,бРел
1239,13:05:39,38.34,0.0,9,34506.0,бРел
1240,13:05:42,38.34,0.0,5,19170.0,бРел
1241,13:05:45,38.34,0.0,7,26838.0,бРел
1242,13:05:48,38.34,0.0,4,15336.0,бРел
1243,13:05:51,38.34,0.0,3,11502.0,бТел
1244,13:05:54,38.35,0.00999999999999801,2,7670.0,бРел
1245,13:06:12,38.36,0.00999999999999801,13,49868.0,бРел
1246,13:06:15,38.37,0.00999999999999801,9,34533.0,бРел
1247,13:06:33,38.39,0.020000000000003126,1,3839.0,бРел
1248,13:06:39,38.39,0.0,3,11517.0,бРел
1249,13:06:51,38.39,0.0,6,23034.0,бРел
1250,13:06:57,38.4,0.00999999999999801,4,15357.0,бРел
1251,13:07:00,38.39,-0.00999999999999801,1,3839.0,бТел
1252,13:07:03,38.39,0.0,1,3839.0,бРел
1253,13:07:12,38.38,-0.00999999999999801,1,3838.0,бТел
1254,13:07:18,38.37,-0.010000000000005116,1,3837.0,бТел
1255,13:07:21,38.36,-0.00999999999999801,3,11508.0,бТел
1256,13:07:24,38.36,0.0,1,3836.0,бТел
1257,13:07:33,38.36,0.0,2,7672.0,бТел
1258,13:07:36,38.36,0.0,6,23016.0,бТел
1259,13:07:39,38.37,0.00999999999999801,3,11509.0,бРел
1260,13:07:48,38.37,0.0,2,7674.0,бРел
1261,13:07:51,38.35,-0.01999999999999602,5,19175.0,бТел
1262,13:07:54,38.35,0.0,10,38350.0,бТел
1263,13:08:03,38.35,0.0,5,19175.0,бТел
1264,13:08:06,38.37,0.01999999999999602,19,72878.0,бРел
1265,13:08:12,38.35,-0.01999999999999602,3,11505.0,бРел
1266,13:08:21,38.36,0.00999999999999801,2,7671.0,бРел
1267,13:08:27,38.36,0.0,11,42196.0,бТел
1268,13:08:39,38.39,0.030000000000001137,2,7677.0,бРел
1269,13:08:42,38.37,-0.020000000000003126,2,7674.0,бТел
1270,13:09:00,38.36,-0.00999999999999801,10,38368.0,бТел
1271,13:09:27,38.4,0.03999999999999915,1,3840.0,бРел
1272,13:09:30,38.4,0.0,1,3840.0,бРел
1273,13:09:39,38.37,-0.030000000000001137,9,34541.0,бТел
1274,13:09:45,38.37,0.0,1,3837.0,бТел
1275,13:09:48,38.37,0.0,3,11511.0,бТел
1276,13:09:51,38.36,-0.00999999999999801,13,49875.0,бТел
1277,13:09:54,38.37,0.00999999999999801,1,3837.0,бРел
1278,13:09:57,38.36,-0.00999999999999801,46,176456.0,бТел
1279,13:10:00,38.36,0.0,65,249340.0,бТел
1280,13:10:03,38.36,0.0,39,149604.0,бТел
1281,13:10:06,38.35,-0.00999999999999801,44,168774.0,бТел
1282,13:10:12,38.35,0.0,15,57518.0,бТел
1283,13:10:15,38.31,-0.03999999999999915,4,15325.0,бТел
1284,13:10:24,38.31,0.0,2,7662.0,бТел
1285,13:10:27,38.31,0.0,2,7662.0,бТел
1286,13:10:30,38.32,0.00999999999999801,12,45978.0,бРел
1287,13:10:39,38.32,0.0,3,11496.0,бРел
1288,13:10:42,38.35,0.030000000000001137,8,30669.0,бРел
1289,13:10:45,38.32,-0.030000000000001137,2,7664.0,бТел
1290,13:10:48,38.37,0.04999999999999716,12,46002.0,бРел
1291,13:10:51,38.37,0.0,6,23022.0,бРел
1292,13:10:54,38.3,-0.07000000000000028,50,191503.0,бТел
1293,13:11:00,38.37,0.07000000000000028,1,3837.0,бРел
1294,13:11:06,38.37,0.0,12,46034.0,бРел
1295,13:11:09,38.32,-0.04999999999999716,2,7664.0,бТел
1296,13:11:12,38.31,-0.00999999999999801,13,49806.0,бТел
1297,13:11:15,38.31,0.0,25,95731.37999999523,бРел
1298,13:11:21,38.31,0.0,23,88113.0,бРел
1299,13:11:27,38.31,0.0,49,187493.5700000003,бРел
1300,13:11:30,38.34,0.030000000000001137,2,7668.0,жпптел
1301,13:11:33,38.31,-0.030000000000001137,5,19161.0,бТел
1302,13:11:39,38.35,0.03999999999999915,3,11505.0,бРел
1303,13:11:51,38.36,0.00999999999999801,5,19177.0,бРел
1304,13:11:57,38.36,0.0,12,46031.0,бРел
1305,13:12:00,38.36,0.0,1,3836.0,бРел
1306,13:12:03,38.31,-0.04999999999999716,9,34479.0,бТел
1307,13:12:09,38.31,0.0,1,3831.0,бРел
1308,13:12:12,38.36,0.04999999999999716,2,7672.0,бРел
1309,13:12:39,38.36,0.0,3,11508.0,жпптел
1310,13:12:42,38.26,-0.10000000000000142,70,267899.0,бТел
1311,13:12:48,38.26,0.0,2,7652.0,бРел
1312,13:12:51,38.26,0.0,31,118579.0,бРел
1313,13:12:54,38.21,-0.04999999999999716,50,191117.76000000536,бТел
1314,13:13:00,38.25,0.03999999999999915,26,99450.0,бРел
1315,13:13:03,38.26,0.00999999999999801,31,118598.0,бРел
1316,13:13:06,38.26,0.0,8,30608.0,бРел
1317,13:13:09,38.25,-0.00999999999999801,10,38250.0,жпптел
1318,13:13:39,38.25,0.0,19,72672.0,бРел
1319,13:13:48,38.22,-0.030000000000001137,5,19113.0,бТел
1320,13:14:00,38.22,0.0,13,49689.0,бТел
1321,13:14:09,38.24,0.020000000000003126,10,38240.0,бРел
1322,13:14:12,38.23,-0.010000000000005116,6,22943.0,бТел
1323,13:14:24,38.24,0.010000000000005116,2,7648.0,бРел
1324,13:14:36,38.23,-0.010000000000005116,5,19115.0,бТел
1325,13:14:39,38.25,0.020000000000003126,3,11475.0,бРел
1326,13:14:48,38.22,-0.030000000000001137,31,118496.0,бТел
1327,13:15:03,38.25,0.030000000000001137,3,11475.0,бРел
1328,13:15:12,38.25,0.0,3,11475.0,бРел
1329,13:15:21,38.23,-0.020000000000003126,27,103236.0,бТел
1330,13:15:24,38.25,0.020000000000003126,7,26775.0,бТел
1331,13:15:30,38.25,0.0,3,11475.0,бТел
1332,13:15:36,38.23,-0.020000000000003126,23,87941.0,бТел
1333,13:15:42,38.23,0.0,11,42053.0,бТел
1334,13:15:48,38.25,0.020000000000003126,4,15300.0,жпптел
1335,13:15:57,38.25,0.0,16,61200.0,бТел
1336,13:16:03,38.25,0.0,21,80287.0,бРел
1337,13:16:09,38.23,-0.020000000000003126,5,19115.0,бТел
1338,13:16:18,38.25,0.020000000000003126,2,7650.0,бРел
1339,13:16:24,38.25,0.0,9,34431.0,бТел
1340,13:16:27,38.25,0.0,12,45900.0,бРел
1341,13:16:30,38.26,0.00999999999999801,6,22951.0,бРел
1342,13:16:33,38.26,0.0,2,7652.0,бРел
1343,13:16:36,38.26,0.0,3,11478.0,бРел
1344,13:16:39,38.24,-0.01999999999999602,2,7648.0,бТел
1345,13:16:42,38.25,0.00999999999999801,3,11475.0,жпптел
1346,13:16:45,38.26,0.00999999999999801,54,206565.0,бРел
1347,13:16:51,38.26,0.0,9,34434.0,бРел
1348,13:16:54,38.25,-0.00999999999999801,8,30606.0,бТел
1349,13:16:57,38.26,0.00999999999999801,16,61216.0,бРел
1350,13:17:03,38.26,0.0,1,3826.0,бТел
1351,13:17:06,38.36,0.10000000000000142,5,19180.0,бРел
1352,13:17:27,38.27,-0.0899999999999963,3,11481.0,бТел
1353,13:17:33,38.27,0.0,2,7654.0,бРел
1354,13:17:36,38.36,0.0899999999999963,3,11490.0,бРел
1355,13:17:42,38.36,0.0,3,11508.0,бРел
1356,13:17:48,38.36,0.0,2,7672.0,бРел
1357,13:17:54,38.27,-0.0899999999999963,8,30656.0,бТел
1358,13:18:06,38.45,0.17999999999999972,12,46045.0,бРел
1359,13:18:15,38.33,-0.12000000000000455,2,7666.0,бТел
1360,13:18:21,38.33,0.0,14,53798.0,бРел
1361,13:18:42,38.45,0.12000000000000455,3,11535.0,бРел
1362,13:18:57,38.35,-0.10000000000000142,8,30680.0,бТел
1363,13:19:00,38.35,0.0,1,3835.0,бРел
1364,13:19:12,38.34,-0.00999999999999801,14,53676.0,бТел
1365,13:19:21,38.35,0.00999999999999801,5,19175.0,бРел
1366,13:19:24,38.34,-0.00999999999999801,7,26838.0,бТел
1367,13:19:27,38.35,0.00999999999999801,8,30679.0,бРел
1368,13:19:39,38.43,0.0799999999999983,3,11529.0,бРел
1369,13:19:51,38.43,0.0,7,26901.0,бРел
1370,13:19:54,38.43,0.0,3,11529.0,бТел
1371,13:19:57,38.45,0.020000000000003126,19,73049.0,бРел
1372,13:20:03,38.45,0.0,11,42295.0,бТел
1373,13:20:09,38.47,0.01999999999999602,9,34619.0,бРел
1374,13:20:15,38.45,-0.01999999999999602,10,38450.0,бТел
1375,13:20:24,38.46,0.00999999999999801,2,7692.0,бРел
1376,13:20:27,38.45,-0.00999999999999801,16,61520.0,бТел
1377,13:20:30,38.45,0.0,13,50006.0,бТел
1378,13:20:33,38.45,0.0,38,146110.0,бТел
1379,13:20:36,38.47,0.01999999999999602,6,23074.0,бРел
1380,13:20:48,38.45,-0.01999999999999602,16,61521.0,бТел
1381,13:20:54,38.46,0.00999999999999801,1,3846.0,бРел
1382,13:20:57,38.44,-0.020000000000003126,2,7688.0,бТел
1383,13:21:06,38.35,-0.0899999999999963,5,19175.0,бТел
1384,13:21:18,38.46,0.10999999999999943,1,3846.0,бРел
1385,13:21:39,38.45,-0.00999999999999801,2,7690.0,бРел
1386,13:21:42,38.45,0.0,1,3845.0,бРел
1387,13:21:57,38.44,-0.010000000000005116,1,3844.0,бРел
1388,13:22:24,38.44,0.0,12,46108.0,бРел
1389,13:22:30,38.44,0.0,17,65348.0,бТел
1390,13:22:36,38.44,0.0,5,19220.0,бРел
1391,13:22:39,38.44,0.0,3,11532.0,бРел
1392,13:22:51,38.44,0.0,1,3844.0,бРел
1393,13:22:57,38.44,0.0,14,53816.0,бРел
1394,13:23:03,38.44,0.0,6,23064.0,бТел
1395,13:23:21,38.44,0.0,1,3844.0,бРел
1396,13:23:30,38.43,-0.00999999999999801,2,7686.0,жпптел
1397,13:23:39,38.38,-0.04999999999999716,13,49916.0,бТел
1398,13:23:45,38.44,0.05999999999999517,11,42284.0,бРел
1399,13:24:00,38.43,-0.00999999999999801,1,3843.0,жпптел
1400,13:24:03,38.44,0.00999999999999801,1,3844.0,бРел
1401,13:24:09,38.38,-0.05999999999999517,4,15352.0,бТел
1402,13:24:15,38.37,-0.010000000000005116,2,7674.0,бТел
1403,13:24:18,38.38,0.010000000000005116,3,11514.0,бРел
1404,13:24:24,38.38,0.0,2,7676.0,бРел
1405,13:24:30,38.36,-0.020000000000003126,6,23016.0,бТел
1406,13:24:36,38.38,0.020000000000003126,1,3838.0,бРел
1407,13:24:42,38.38,0.0,4,15351.0,бРел
1408,13:25:00,38.38,0.0,1,3838.0,бРел
1409,13:25:39,38.42,0.03999999999999915,3,11526.0,бРел
1410,13:25:54,38.42,0.0,2,7684.0,бРел
1411,13:26:03,38.42,0.0,8,30736.0,бТел
1412,13:26:06,38.42,0.0,1,3842.0,бРел
1413,13:26:18,38.42,0.0,5,19210.0,бРел
1414,13:26:24,38.42,0.0,13,49935.0,бРел
1415,13:26:39,38.42,0.0,3,11526.0,бРел
1416,13:26:45,38.42,0.0,1,3842.0,бРел
1417,13:26:48,38.42,0.0,3,11522.0,бРел
1418,13:26:51,38.42,0.0,1,3842.0,бРел
1419,13:27:06,38.42,0.0,5,19199.0,бРел
1420,13:27:18,38.43,0.00999999999999801,20,76852.0,бРел
1421,13:27:21,38.42,-0.00999999999999801,2,7684.0,бРел
1422,13:27:39,38.43,0.00999999999999801,6,23057.99999999255,бРел
1423,13:27:51,38.42,-0.00999999999999801,8,30737.0,бТел
1424,13:28:00,38.42,0.0,1,3842.0,бРел
1425,13:28:06,38.4,-0.020000000000003126,12,46080.0,бТел
1426,13:28:09,38.4,0.0,10,38400.0,бРел
1427,13:28:18,38.41,0.00999999999999801,2,7682.0,бТел
1428,13:28:30,38.42,0.010000000000005116,20,76805.0,бРел
1429,13:28:33,38.4,-0.020000000000003126,10,38400.0,жпптел
1430,13:28:36,38.42,0.020000000000003126,24,92194.0,бРел
1431,13:28:39,38.42,0.0,3,11526.0,бРел
1432,13:29:06,38.41,-0.010000000000005116,1,3841.0,бТел
1433,13:29:15,38.42,0.010000000000005116,30,115259.0,бРел
1434,13:29:18,38.4,-0.020000000000003126,14,53776.0,бТел
1435,13:29:27,38.4,0.0,2,7680.0,бРел
1436,13:29:30,38.39,-0.00999999999999801,7,26873.0,бТел
1437,13:29:36,38.39,0.0,3,11517.0,бРел
1438,13:29:39,38.39,0.0,5,19193.0,бРел
1439,13:29:45,38.38,-0.00999999999999801,39,149682.0,бТел
1440,13:29:48,38.39,0.00999999999999801,3,11517.0,жпптел
1441,13:29:57,38.39,0.0,8,30712.0,бТел
1442,13:30:00,38.37,-0.020000000000003126,6,23022.0,бТел
1443,13:30:06,38.38,0.010000000000005116,16,61393.0,жпптел
1444,13:30:09,38.37,-0.010000000000005116,6,23020.0,жпптел
1445,13:30:12,38.35,-0.01999999999999602,10,38359.0,бТел
1446,13:30:15,38.35,0.0,34,130390.0,бТел
1447,13:30:21,38.36,0.00999999999999801,43,164892.0,бРел
1448,13:30:27,38.3,-0.060000000000002274,6,23010.0,бТел
1449,13:30:30,38.3,0.0,3,11496.0,бТел
1450,13:30:33,38.3,0.0,1,3830.0,бТел
1451,13:30:36,38.3,0.0,5,21448.0,бТел
1452,13:30:39,38.33,0.030000000000001137,2,7666.0,жпптел
1453,13:30:42,38.3,-0.030000000000001137,11,42151.0,бТел
1454,13:30:45,38.3,0.0,1,3830.0,бТел
1455,13:30:54,38.3,0.0,1,3830.0,бТел
1456,13:31:12,38.3,0.0,58,223672.0,бТел
1457,13:31:18,38.3,0.0,8,30640.0,бРел
1458,13:31:24,38.3,0.0,12,45960.0,бРел
1459,13:31:27,38.27,-0.02999999999999403,27,103334.0,бТел
1460,13:31:30,38.3,0.02999999999999403,1,3830.0,бРел
1461,13:31:33,38.3,0.0,1,3830.0,бРел
1462,13:31:39,38.27,-0.02999999999999403,6,22967.0,бТел
1463,13:31:42,38.31,0.03999999999999915,4,15321.40000000596,бРел
1464,13:32:00,38.3,-0.010000000000005116,1,3830.0,бРел
1465,13:32:06,38.36,0.060000000000002274,11,42174.40000000596,бРел
1466,13:32:12,38.3,-0.060000000000002274,1,3830.0,бТел
1467,13:32:15,38.28,-0.01999999999999602,5,19142.0,бТел
1468,13:32:33,38.37,0.0899999999999963,15,57548.0,бРел
1469,13:32:36,38.31,-0.05999999999999517,5,19155.0,бТел
1470,13:32:39,38.37,0.05999999999999517,3,11511.0,бРел
1471,13:32:51,38.31,-0.05999999999999517,2,7662.0,бТел
1472,13:33:09,38.31,0.0,7,26817.0,бТел
1473,13:33:33,38.37,0.05999999999999517,7,26859.0,бРел
1474,13:33:39,38.39,0.020000000000003126,38,145868.0,бРел
1475,13:34:12,38.4,0.00999999999999801,2,7680.0,бРел
1476,13:34:24,38.4,0.0,1,3840.0,бТел
1477,13:34:27,38.4,0.0,35,134400.0,бТел
1478,13:34:30,38.4,0.0,21,80640.0,бРел
1479,13:34:45,38.4,0.0,7,26880.0,бРел
1480,13:35:30,38.43,0.030000000000001137,12,46111.0,бРел
1481,13:35:36,38.43,0.0,8,30744.0,бТел
1482,13:35:39,38.43,0.0,3,11529.0,бРел
1483,13:35:57,38.43,0.0,1,3843.0,бРел
1484,13:36:12,38.4,-0.030000000000001137,10,38400.0,бТел
1485,13:36:21,38.42,0.020000000000003126,1,3842.0,бРел
1486,13:36:24,38.42,0.0,1,3842.0,бРел
1487,13:36:30,38.43,0.00999999999999801,2,7685.0,бРел
1488,13:36:36,38.43,0.0,9,34587.0,бТел
1489,13:36:45,38.44,0.00999999999999801,3,11532.0,бРел
1490,13:37:00,38.44,0.0,6,23064.0,бРел
1491,13:37:03,38.38,-0.05999999999999517,14,53749.0,бТел
1492,13:37:09,38.38,0.0,3,11514.0,бРел
1493,13:37:12,38.37,-0.010000000000005116,3,11511.0,бТел
1494,13:37:27,38.38,0.010000000000005116,8,30704.0,бРел
1495,13:37:45,38.38,0.0,3,11514.0,бРел
1496,13:37:51,38.36,-0.020000000000003126,4,15344.0,бТел
1497,13:38:18,38.36,0.0,7,26851.0,бРел
1498,13:38:27,38.38,0.020000000000003126,11,42205.0,бРел
1499,13:38:30,38.38,0.0,11,42218.0,бТел
1500,13:38:45,38.42,0.03999999999999915,3,11526.0,бРел
1501,13:39:00,38.41,-0.010000000000005116,1,3841.0,бРел
1502,13:39:09,38.4,-0.00999999999999801,2,7680.0,бТел
1503,13:39:21,38.4,0.0,1,3840.0,бРел
1504,13:39:24,38.38,-0.01999999999999602,1,3838.0,бТел
1505,13:39:27,38.41,0.02999999999999403,8,30723.0,бРел
1506,13:39:48,38.43,0.020000000000003126,3,11529.0,бРел
1507,13:40:15,38.42,-0.00999999999999801,6,23052.0,бРел
1508,13:40:24,38.43,0.00999999999999801,13,49953.0,бРел
1509,13:40:27,38.38,-0.04999999999999716,20,76795.0,бТел
1510,13:40:45,38.43,0.04999999999999716,3,11529.0,бРел
1511,13:40:57,38.38,-0.04999999999999716,5,19190.0,бТел
1512,13:41:06,38.39,0.00999999999999801,17,65263.0,бТел
1513,13:41:12,38.38,-0.00999999999999801,1,3838.0,бТел
1514,13:41:24,38.42,0.03999999999999915,14,53785.0,бРел
1515,13:41:39,38.38,-0.03999999999999915,2,7676.0,бТел
1516,13:41:45,38.43,0.04999999999999716,3,11528.0,бРел
1517,13:42:00,38.38,-0.04999999999999716,3,11514.0,бТел
1518,13:42:03,38.43,0.04999999999999716,12,46115.0,бРел
1519,13:42:15,38.38,-0.04999999999999716,15,57570.0,бТел
1520,13:42:24,38.42,0.03999999999999915,13,49926.0,бРел
1521,13:42:33,38.38,-0.03999999999999915,8,30732.0,бТел
1522,13:42:45,38.38,0.0,3,11514.0,бРел
1523,13:43:03,38.38,0.0,2,7676.0,бРел
1524,13:43:21,38.42,0.03999999999999915,22,84421.0,бРел
1525,13:43:48,38.41,-0.010000000000005116,3,11523.0,бРел
1526,13:43:54,38.32,-0.0899999999999963,6,22997.0,бТел
1527,13:44:21,38.41,0.0899999999999963,9,34569.0,бРел
1528,13:44:42,38.33,-0.0799999999999983,13,49934.0,бТел
1529,13:44:45,38.42,0.09000000000000341,3,11526.0,бРел
1530,13:44:57,38.41,-0.010000000000005116,1,3841.0,бРел
1531,13:45:00,38.41,0.0,6,23046.0,бРел
1532,13:45:12,38.41,0.0,1,3841.0,бРел
1533,13:45:15,38.41,0.0,1,3841.0,бРел
1534,13:45:18,38.41,0.0,1,3841.0,бРел
1535,13:45:21,38.43,0.020000000000003126,6,23053.0,бРел
1536,13:45:24,38.44,0.00999999999999801,13,49960.0,бРел
1537,13:45:30,38.42,-0.01999999999999602,16,61472.0,бТел
1538,13:45:36,38.41,-0.010000000000005116,5,19205.0,бРел
1539,13:45:45,38.43,0.020000000000003126,3,11529.0,жпптел
1540,13:46:09,38.4,-0.030000000000001137,2,7680.0,бРел
1541,13:46:18,38.43,0.030000000000001137,11,42255.0,бРел
1542,13:46:21,38.43,0.0,1,3843.0,бТел
1543,13:46:27,38.43,0.0,7,26901.0,бТел
1544,13:46:30,38.43,0.0,2,7686.0,бТел
1545,13:46:33,38.44,0.00999999999999801,11,42283.0,бРел
1546,13:46:45,38.43,-0.00999999999999801,3,11529.0,бРел
1547,13:47:09,38.42,-0.00999999999999801,2,7684.0,бРел
1548,13:47:18,38.42,0.0,11,42262.0,бРел
1549,13:47:42,38.38,-0.03999999999999915,4,15352.0,бТел
1550,13:47:45,38.43,0.04999999999999716,3,11528.0,бРел
1551,13:47:51,38.4,-0.030000000000001137,3,11520.0,бТел
1552,13:47:57,38.4,0.0,3,11520.0,бРел
1553,13:48:06,38.4,0.0,1,3840.0,бТел
1554,13:48:15,38.4,0.0,1,3840.0,бТел
1555,13:48:18,38.43,0.030000000000001137,14,53783.0,бРел
1556,13:48:30,38.42,-0.00999999999999801,1,3842.0,бТел
1557,13:48:45,38.42,0.0,2,7684.0,бРел
1558,13:48:54,38.41,-0.010000000000005116,3,11522.0,бРел
1559,13:48:57,38.42,0.010000000000005116,5,19210.0,бТел
1560,13:49:09,38.4,-0.020000000000003126,1,3840.0,бТел
1561,13:49:15,38.42,0.020000000000003126,11,42261.0,бРел
1562,13:49:27,38.4,-0.020000000000003126,1,3840.0,бТел
1563,13:49:48,38.41,0.00999999999999801,28,107523.0,бРел
1564,13:50:06,38.39,-0.01999999999999602,2,7678.0,бТел
1565,13:50:12,38.41,0.01999999999999602,10,38410.0,бРел
1566,13:50:15,38.42,0.010000000000005116,17,65314.0,бРел
1567,13:50:21,38.41,-0.010000000000005116,2,7682.0,бТел
1568,13:50:42,38.41,0.0,2,7682.0,бТел
1569,13:50:45,38.42,0.010000000000005116,18,69146.0,бРел
1570,13:50:48,38.42,0.0,1,3842.0,бРел
1571,13:51:18,38.42,0.0,12,46099.0,бРел
1572,13:51:30,38.39,-0.030000000000001137,2,7678.0,бТел
1573,13:51:39,38.41,0.01999999999999602,1,3841.0,бРел
1574,13:51:48,38.41,0.0,3,11523.0,бРел
1575,13:51:57,38.41,0.0,6,23046.0,бРел
1576,13:52:06,38.41,0.0,2,7682.0,бРел
1577,13:52:12,38.42,0.010000000000005116,32,122935.0,бРел
1578,13:52:24,38.41,-0.010000000000005116,1,3841.0,бРел
1579,13:52:33,38.41,0.0,1,3841.0,бРел
1580,13:52:36,38.39,-0.01999999999999602,4,15356.0,бТел
1581,13:52:45,38.42,0.030000000000001137,3,11525.0,бРел
1582,13:53:03,38.39,-0.030000000000001137,5,19195.0,бТел
1583,13:53:12,38.36,-0.030000000000001137,69,264866.0,бТел
1584,13:53:21,38.36,0.0,4,15344.0,бРел
1585,13:53:24,38.37,0.00999999999999801,4,15348.0,жпптел
1586,13:53:36,38.37,0.0,1,3837.0,бТел
1587,13:53:45,38.4,0.030000000000001137,3,11518.0,бРел
1588,13:54:15,38.41,0.00999999999999801,9,34562.0,бРел
1589,13:54:21,38.41,0.0,5,19205.0,бТел
1590,13:54:33,38.39,-0.01999999999999602,1,3839.0,бТел
1591,13:54:48,38.4,0.00999999999999801,3,11518.0,бРел
1592,13:54:54,38.36,-0.03999999999999915,2,7672.0,бТел
1593,13:54:57,38.38,0.020000000000003126,1,3838.0,бРел
1594,13:55:00,38.36,-0.020000000000003126,1,3836.0,бТел
1595,13:55:06,38.36,0.0,6,23016.0,бТел
1596,13:55:09,38.38,0.020000000000003126,16,61400.0,бРел
1597,13:55:18,38.38,0.0,1,3838.0,бРел
1598,13:55:21,38.38,0.0,11,42208.0,бРел
1599,13:55:24,38.38,0.0,1,3838.0,бРел
1600,13:55:27,38.38,0.0,1,3838.0,бРел
1601,13:55:30,38.38,0.0,1,3838.0,бРел
1602,13:55:33,38.37,-0.010000000000005116,1,3837.0,бТел
1603,13:55:45,38.38,0.010000000000005116,3,11514.0,бРел
1604,13:55:48,38.38,0.0,4,15352.0,бРел
1605,13:55:51,38.4,0.01999999999999602,1,3840.0,бРел
1606,13:55:54,38.4,0.0,2,7680.0,бРел
1607,13:56:00,38.41,0.00999999999999801,6,23043.0,бРел
1608,13:56:12,38.38,-0.02999999999999403,11,42253.0,бТел
1609,13:56:33,38.38,0.0,8,30706.0,бТел
1610,13:56:36,38.38,0.0,3,11514.0,бТел
1611,13:56:39,38.38,0.0,2,7676.0,бТел
1612,13:56:51,38.38,0.0,14,53748.0,бТел
1613,13:56:57,38.39,0.00999999999999801,3,11517.0,бРел
1614,13:57:00,38.38,-0.00999999999999801,1,3838.0,бТел
1615,13:57:03,38.37,-0.010000000000005116,4,15351.0,бТел
1616,13:57:12,38.4,0.030000000000001137,9,34549.0,бРел
1617,13:57:15,38.4,0.0,7,26880.0,бТел
1618,13:57:36,38.38,-0.01999999999999602,1,3838.0,бТел
1619,13:57:48,38.4,0.01999999999999602,4,15360.0,бРел
1620,13:57:51,38.38,-0.01999999999999602,1,3838.0,бТел
1621,13:57:54,38.4,0.01999999999999602,20,76800.0,бРел
1622,13:58:03,38.41,0.00999999999999801,5,19205.0,бРел
1623,13:58:06,38.42,0.010000000000005116,21,80659.0,бРел
1624,13:58:21,38.35,-0.07000000000000028,82,314617.0,бТел
1625,13:58:24,38.35,0.0,4,15340.0,бРел
1626,13:58:27,38.35,0.0,5,19175.0,бРел
1627,13:58:36,38.34,-0.00999999999999801,3,11502.0,бТел
1628,13:58:39,38.34,0.0,19,72860.0,бТел
1629,13:58:48,38.42,0.0799999999999983,3,11518.0,бРел
1630,13:58:57,38.38,-0.03999999999999915,1,3838.0,бРел
1631,13:59:09,38.41,0.02999999999999403,8,30713.0,бРел
1632,13:59:18,38.41,0.0,16,61384.0,бРел
1633,13:59:33,38.38,-0.02999999999999403,5,19190.0,бТел
1634,13:59:48,38.42,0.03999999999999915,6,23040.0,бРел
1635,13:59:54,38.4,-0.020000000000003126,4,15357.0,бРел
1636,14:00:00,38.4,0.0,2,7680.0,бТел
1637,14:00:09,38.42,0.020000000000003126,14,53788.0,бРел
1638,14:00:18,38.38,-0.03999999999999915,13,49894.0,бТел
1639,14:00:21,38.32,-0.060000000000002274,59,226120.0,бТел
1640,14:00:27,38.32,0.0,8,30656.0,бРел
1641,14:00:30,38.32,0.0,4,15328.0,бРел
1642,14:00:36,38.32,0.0,97,371610.0,бРел
1643,14:00:45,38.32,0.0,8,30656.0,бРел
1644,14:00:54,38.3,-0.020000000000003126,21,80432.0,бТел
1645,14:01:00,38.32,0.020000000000003126,44,168608.0,бРел
1646,14:01:06,38.4,0.0799999999999983,6,23024.0,бРел
1647,14:01:09,38.32,-0.0799999999999983,20,76760.0,бТел
1648,14:01:27,38.32,0.0,5,19160.0,бТел
1649,14:01:30,38.38,0.060000000000002274,6,23004.0,бРел
1650,14:01:36,38.3,-0.0800000000000054,2,7660.0,бТел
1651,14:01:42,38.32,0.020000000000003126,1,3832.0,бРел
1652,14:01:45,38.39,0.07000000000000028,10,38340.0,бРел
1653,14:01:48,38.28,-0.10999999999999943,100,382919.0,бТел
1654,14:01:51,38.37,0.0899999999999963,7,26848.0,бРел
1655,14:01:54,38.37,0.0,26,99832.0,жпптел
1656,14:01:57,38.42,0.05000000000000426,12,46104.0,бРел
1657,14:02:03,38.28,-0.14000000000000057,100,382997.0,бТел
1658,14:02:09,38.41,0.12999999999999545,22,84480.0,бРел
1659,14:02:12,38.41,0.0,10,38370.0,бРел
1660,14:02:15,38.41,0.0,1,3841.0,бРел
1661,14:02:18,38.38,-0.02999999999999403,9,34542.0,бРел
1662,14:02:21,38.38,0.0,1,3838.0,бРел
1663,14:02:24,38.38,0.0,1,3838.0,бТел
1664,14:02:27,38.41,0.02999999999999403,46,176247.0,бРел
1665,14:02:36,38.37,-0.03999999999999915,21,80560.0,бРел
1666,14:02:42,38.28,-0.0899999999999963,2,7656.0,бТел
1667,14:02:54,38.28,0.0,2,7656.0,бТел
1668,14:03:00,38.4,0.11999999999999744,3,11520.0,бРел
1669,14:03:06,38.41,0.00999999999999801,15,57612.0,бРел
1670,14:03:09,38.4,-0.00999999999999801,2,7680.0,жпптел
1671,14:03:18,38.29,-0.10999999999999943,1,3829.0,бТел
1672,14:03:36,38.31,0.020000000000003126,2,7662.0,бТел
1673,14:03:54,38.31,0.0,2,7662.0,бТел
1674,14:03:57,38.4,0.0899999999999963,4,15360.0,бРел
1675,14:04:06,38.41,0.00999999999999801,14,53764.0,бРел
1676,14:04:09,38.41,0.0,5,19205.0,бТел
1677,14:04:18,38.31,-0.09999999999999432,1,3831.0,бТел
1678,14:04:36,38.31,0.0,1,3831.0,бТел
1679,14:04:39,38.31,0.0,13,49803.0,бТел
1680,14:04:42,38.31,0.0,1,3831.0,бТел
1681,14:04:48,38.4,0.0899999999999963,26,99805.0,бРел
1682,14:04:54,38.32,-0.0799999999999983,1,3832.0,бТел
1683,14:05:00,38.37,0.04999999999999716,3,11511.0,бРел
1684,14:05:03,38.4,0.030000000000001137,6,23040.0,бРел
1685,14:05:09,38.4,0.0,15,57600.0,бТел
1686,14:05:18,38.31,-0.0899999999999963,1,3831.0,бТел
1687,14:05:36,38.31,0.0,2,7670.0,бТел
1688,14:05:42,38.31,0.0,1,3831.0,бТел
1689,14:05:48,38.32,0.00999999999999801,12,45984.0,жпптел
1690,14:05:57,38.31,-0.00999999999999801,7,26817.0,бТел
1691,14:06:03,38.38,0.07000000000000028,17,65250.0,жпптел
1692,14:06:18,38.31,-0.07000000000000028,2,7662.0,бТел
1693,14:06:27,38.31,0.0,1,3831.0,бТел
1694,14:06:33,38.31,0.0,10,38310.0,бТел
1695,14:06:36,38.31,0.0,2,7662.0,бТел
1696,14:06:48,38.31,0.0,26,99621.0,бТел
1697,14:06:57,38.34,0.030000000000001137,2,7668.0,бТел
1698,14:07:00,38.34,0.0,8,30654.0,бТел
1699,14:07:03,38.38,0.03999999999999915,18,69076.0,бРел
1700,14:07:06,38.31,-0.07000000000000028,7,26828.0,бТел
1701,14:07:15,38.36,0.04999999999999716,2,7672.0,бТел
1702,14:07:21,38.36,0.0,9,34524.0,бРел
1703,14:07:24,38.35,-0.00999999999999801,4,15342.0,жпптел
1704,14:07:30,38.34,-0.00999999999999801,2,7668.0,бТел
1705,14:07:33,38.3,-0.04000000000000625,168,643645.0,бТел
1706,14:07:36,38.3,0.0,10,38300.0,бРел
1707,14:07:39,38.3,0.0,24,91898.0,бРел
1708,14:07:42,38.29,-0.00999999999999801,2,7658.0,бТел
1709,14:07:48,38.26,-0.030000000000001137,50,191347.0,бТел
1710,14:07:54,38.29,0.030000000000001137,2,7657.0,бРел
1711,14:07:57,38.28,-0.00999999999999801,2,7656.0,бТел
1712,14:08:00,38.3,0.01999999999999602,101,386638.0,бРел
1713,14:08:03,38.3,0.0,4,15320.0,бРел
1714,14:08:06,38.3,0.0,5,19150.0,бРел
1715,14:08:09,38.29,-0.00999999999999801,1,3829.0,бТел
1716,14:08:15,38.3,0.00999999999999801,28,107220.0,бРел
1717,14:08:21,38.28,-0.01999999999999602,29,111018.0,бТел
1718,14:08:33,38.32,0.03999999999999915,2,7664.0,жпптел
1719,14:08:36,38.28,-0.03999999999999915,1,3828.0,бТел
1720,14:08:42,38.28,0.0,6,22968.0,бТел
1721,14:08:45,38.28,0.0,12,45936.0,бТел
1722,14:08:48,38.29,0.00999999999999801,1,3829.0,бТел
1723,14:08:57,38.28,-0.00999999999999801,10,38282.0,бТел
1724,14:09:00,38.34,0.060000000000002274,14,53626.0,бРел
1725,14:09:03,38.34,0.0,4,15336.0,бТел
1726,14:09:06,38.29,-0.05000000000000426,7,26824.0,бТел
1727,14:09:09,38.29,0.0,1,3829.0,бРел
1728,14:09:12,38.28,-0.00999999999999801,1,3828.0,бТел
1729,14:09:15,38.26,-0.020000000000003126,1,3826.0,бТел
1730,14:09:18,38.28,0.020000000000003126,5,19140.0,бРел
1731,14:09:24,38.28,0.0,134,512608.0,бРел
1732,14:09:27,38.24,-0.03999999999999915,1,3824.0,бТел
1733,14:09:30,38.28,0.03999999999999915,8,30607.0,бРел
1734,14:09:39,38.26,-0.020000000000003126,5,19130.0,бРел
1735,14:09:42,38.26,0.0,8,30608.0,бТел
1736,14:09:45,38.22,-0.03999999999999915,259,990244.0,бТел
1737,14:09:51,38.26,0.03999999999999915,2,7653.0,жпптел
1738,14:09:57,38.22,-0.03999999999999915,2,7644.0,бТел
1739,14:10:00,38.26,0.03999999999999915,26,99466.0,бРел
1740,14:10:06,38.22,-0.03999999999999915,10,38235.0,бТел
1741,14:10:12,38.24,0.020000000000003126,13,49695.0,бТел
1742,14:10:18,38.22,-0.020000000000003126,8,30578.0,бТел
1743,14:10:24,38.24,0.020000000000003126,13,49712.0,бРел
1744,14:10:27,38.24,0.0,6,22944.0,бРел
1745,14:10:30,38.24,0.0,7,26768.0,бРел
1746,14:10:33,38.22,-0.020000000000003126,29,110907.0,бТел
1747,14:10:36,38.24,0.020000000000003126,26,99378.0,жпптел
1748,14:10:39,38.21,-0.030000000000001137,81,310323.1999999881,бТел
1749,14:10:42,38.32,0.10999999999999943,5,19128.0,бРел
1750,14:10:45,38.24,-0.0799999999999983,1,3824.0,жпптел
1751,14:10:51,38.22,-0.020000000000003126,5,19110.0,бТел
1752,14:10:54,38.24,0.020000000000003126,1,3824.0,бРел
1753,14:10:57,38.23,-0.010000000000005116,14,53603.0,бТел
1754,14:11:03,38.29,0.060000000000002274,4,15311.0,бРел
1755,14:11:06,38.23,-0.060000000000002274,12,45894.0,бТел
1756,14:11:15,38.23,0.0,7,26779.0,бТел
1757,14:11:24,38.23,0.0,4,15292.0,бТел
1758,14:11:33,38.23,0.0,1,3823.0,бРел
1759,14:11:36,38.23,0.0,2,7646.0,бТел
1760,14:11:42,38.23,0.0,9,34407.0,бТел
1761,14:11:57,38.22,-0.00999999999999801,13,49698.0,бТел
1762,14:12:03,38.23,0.00999999999999801,3,11469.0,бРел
1763,14:12:09,38.22,-0.00999999999999801,1,3822.0,бТел
1764,14:12:12,38.23,0.00999999999999801,10,38230.0,бРел
1765,14:12:15,38.22,-0.00999999999999801,41,156722.0,бТел
1766,14:12:18,38.22,0.0,5,19111.0,бТел
1767,14:12:21,38.22,0.0,2,7644.0,бТел
1768,14:12:24,38.23,0.00999999999999801,1,3823.0,бРел
1769,14:12:27,38.23,0.0,5,19113.0,бРел
1770,14:12:33,38.28,0.05000000000000426,7,26787.0,бРел
1771,14:12:36,38.27,-0.00999999999999801,2,7654.0,бТел
1772,14:12:39,38.28,0.00999999999999801,6,22968.0,бРел
1773,14:12:42,38.29,0.00999999999999801,12,45948.0,бРел
1774,14:12:48,38.3,0.00999999999999801,6,22979.0,бРел
1775,14:12:51,38.28,-0.01999999999999602,1,3828.0,жпптел
1776,14:12:54,38.25,-0.030000000000001137,1,3825.0,жпптел
1777,14:12:57,38.29,0.03999999999999915,18,68938.0,бРел
1778,14:13:00,38.24,-0.04999999999999716,4,15307.0,бТел
1779,14:13:06,38.29,0.04999999999999716,3,11487.0,бРел
1780,14:13:09,38.29,0.0,2,7658.0,бРел
1781,14:13:12,38.29,0.0,4,15316.0,бТел
1782,14:13:18,38.29,0.0,1,3829.0,бТел
1783,14:13:30,38.3,0.00999999999999801,6,22975.0,жпптел
1784,14:13:36,38.29,-0.00999999999999801,2,7658.0,бТел
1785,14:13:39,38.3,0.00999999999999801,4,15320.0,бРел
1786,14:13:42,38.29,-0.00999999999999801,1,3829.0,бТел
1787,14:13:51,38.3,0.00999999999999801,2,7659.0,бРел
1788,14:13:54,38.33,0.030000000000001137,9,34473.0,бРел
1789,14:13:57,38.33,0.0,2,7666.0,бТел
1790,14:14:00,38.33,0.0,8,30664.0,бТел
1791,14:14:03,38.36,0.030000000000001137,3,11507.0,бРел
1792,14:14:09,38.34,-0.01999999999999602,1,3834.0,бТел
1793,14:14:18,38.28,-0.060000000000002274,1,3828.0,бТел
1794,14:14:27,38.31,0.030000000000001137,1,3831.0,бТел
1795,14:14:36,38.28,-0.030000000000001137,3,11484.0,бТел
1796,14:14:39,38.28,0.0,2,7656.0,бТел
1797,14:14:54,38.3,0.01999999999999602,14,53619.0,бРел
1798,14:14:57,38.28,-0.01999999999999602,1,3828.0,бТел
1799,14:15:03,38.28,0.0,8,30624.0,бТел
1800,14:15:06,38.28,0.0,1,3828.0,бРел
1801,14:15:12,38.27,-0.00999999999999801,1,3827.0,бТел
1802,14:15:15,38.27,0.0,1,3827.0,бТел
1803,14:15:18,38.25,-0.020000000000003126,11,42078.0,бТел
1804,14:15:21,38.25,0.0,1,3825.0,бРел
1805,14:15:24,38.24,-0.00999999999999801,2,7649.0,бТел
1806,14:15:36,38.23,-0.010000000000005116,3,11469.0,бТел
1807,14:15:45,38.23,0.0,73,279079.0,бТел
1808,14:15:48,38.23,0.0,20,76461.0,бТел
1809,14:15:51,38.23,0.0,73,279086.0,бТел
1810,14:15:54,38.28,0.05000000000000426,8,30621.0,бРел
1811,14:15:57,38.23,-0.05000000000000426,8,30584.0,бТел
1812,14:16:00,38.25,0.020000000000003126,2,7650.0,бРел
1813,14:16:15,38.26,0.00999999999999801,6,22957.0,бТел
1814,14:16:51,38.28,0.020000000000003126,9,34444.0,бРел
1815,14:16:57,38.26,-0.020000000000003126,13,49738.0,бТел
1816,14:17:00,38.26,0.0,3,11478.0,бРел
1817,14:17:03,38.26,0.0,6,22956.0,бРел
1818,14:17:06,38.26,0.0,17,65042.0,бРел
1819,14:17:12,38.25,-0.00999999999999801,3,11475.0,бТел
1820,14:17:24,38.25,0.0,30,114752.0,бТел
1821,14:17:30,38.24,-0.00999999999999801,1,3824.0,бТел
1822,14:17:33,38.24,0.0,1,3824.0,бТел
1823,14:17:36,38.24,0.0,2,7648.0,бРел
1824,14:17:39,38.23,-0.010000000000005116,18,68814.0,бТел
1825,14:17:45,38.25,0.020000000000003126,9,34419.0,бРел
1826,14:17:48,38.23,-0.020000000000003126,8,30775.15000000596,бТел
1827,14:17:51,38.25,0.020000000000003126,19,72674.0,бРел
1828,14:17:57,38.25,0.0,3,11473.0,бРел
1829,14:18:00,38.23,-0.020000000000003126,18,68814.0,бТел
1830,14:18:03,38.25,0.020000000000003126,16,61188.0,бРел
1831,14:18:06,38.24,-0.00999999999999801,9,34416.0,бТел
1832,14:18:09,38.24,0.0,10,38240.0,бТел
1833,14:18:12,38.25,0.00999999999999801,30,114750.0,бРел
1834,14:18:18,38.25,0.0,47,179775.0,бРел
1835,14:18:21,38.24,-0.00999999999999801,7,26771.0,бТел
1836,14:18:24,38.24,0.0,2,7648.0,бТел
1837,14:18:27,38.24,0.0,9,34416.0,бТел
1838,14:18:30,38.25,0.00999999999999801,14,53549.0,бРел
1839,14:18:33,38.24,-0.00999999999999801,20,76480.0,бТел
1840,14:18:48,38.25,0.00999999999999801,1,3825.0,бРел
1841,14:18:51,38.26,0.00999999999999801,15,57382.0,бРел
1842,14:18:54,38.25,-0.00999999999999801,16,61212.0,жпптел
1843,14:19:00,38.25,0.0,5,19125.0,бРел
1844,14:19:03,38.24,-0.00999999999999801,53,202678.0,бТел
1845,14:19:06,38.24,0.0,1,3824.0,бРел
1846,14:19:12,38.24,0.0,2,7648.0,бРел
1847,14:19:21,38.23,-0.010000000000005116,1,3823.0,бТел
1848,14:19:39,38.24,0.010000000000005116,2,7648.0,бРел
1849,14:19:45,38.24,0.0,10,38240.0,бРел
1850,14:19:48,38.24,0.0,23,87952.0,бРел
1851,14:19:51,38.24,0.0,11,42064.0,бРел
1852,14:19:57,38.24,0.0,3,11472.0,бРел
1853,14:20:00,38.23,-0.010000000000005116,5,19115.0,бТел
1854,14:20:03,38.24,0.010000000000005116,2,7648.0,бРел
1855,14:20:06,38.24,0.0,14,53528.0,бРел
1856,14:20:12,38.24,0.0,3,11472.0,бРел
1857,14:20:15,38.23,-0.010000000000005116,2,7646.0,бТел
1858,14:20:18,38.23,0.0,2,7646.0,бТел
1859,14:20:24,38.24,0.010000000000005116,1,3824.0,бРел
1860,14:20:27,38.23,-0.010000000000005116,1,3823.0,бТел
1861,14:20:33,38.24,0.010000000000005116,2,7648.0,бРел
1862,14:20:39,38.24,0.0,3,11471.0,бРел
1863,14:20:42,38.26,0.01999999999999602,10,38252.0,бРел
1864,14:20:45,38.26,0.0,50,191300.0,бРел
1865,14:20:48,38.26,0.0,27,103302.0,бРел
1866,14:20:51,38.24,-0.01999999999999602,13,49724.0,бТел
1867,14:20:54,38.24,0.0,17,64998.0,бРел
1868,14:20:57,38.24,0.0,5,19120.0,бРел
1869,14:21:03,38.24,0.0,4,15296.0,бРел
1870,14:21:06,38.24,0.0,12,45888.0,бРел
1871,14:21:09,38.24,0.0,13,49712.0,бРел
1872,14:21:12,38.24,0.0,1,3824.0,бРел
1873,14:21:15,38.24,0.0,2,7648.0,бРел
1874,14:21:18,38.24,0.0,1,6118.4000000059605,бРел
1875,14:21:42,38.25,0.00999999999999801,3,11475.0,бРел
1876,14:21:48,38.26,0.00999999999999801,13,49733.0,бРел
1877,14:21:54,38.26,0.0,18,68868.0,бРел
1878,14:21:57,38.26,0.0,1,3826.0,бРел
1879,14:22:03,38.26,0.0,3,11478.0,бРел
1880,14:22:39,38.28,0.020000000000003126,10,38276.0,бРел
1881,14:22:42,38.26,-0.020000000000003126,29,110958.0,бТел
1882,14:22:48,38.27,0.010000000000005116,28,107183.0,бРел
1883,14:22:57,38.3,0.02999999999999403,2,7660.0,бРел
1884,14:23:03,38.31,0.010000000000005116,4,15324.0,жпптел
1885,14:23:12,38.29,-0.020000000000003126,1,3829.0,бТел
1886,14:23:15,38.29,0.0,2,7658.0,бТел
1887,14:23:18,38.29,0.0,1,3829.0,бТел
1888,14:23:21,38.3,0.00999999999999801,2,7660.0,бРел
1889,14:23:30,38.3,0.0,6,22980.0,бРел
1890,14:23:42,38.3,0.0,7,26810.0,бРел
1891,14:23:45,38.3,0.0,21,80427.0,бРел
1892,14:23:48,38.3,0.0,16,61300.0,бРел
1893,14:23:51,38.3,0.0,21,80430.0,бТел
1894,14:23:54,38.31,0.010000000000005116,1,3831.0,бТел
1895,14:23:57,38.3,-0.010000000000005116,10,38301.0,бТел
1896,14:24:03,38.3,0.0,10,38302.0,бТел
1897,14:24:06,38.31,0.010000000000005116,4,15324.0,бТел
1898,14:24:15,38.31,0.0,6,22986.0,бТел
1899,14:24:27,38.32,0.00999999999999801,1,3832.0,жпптел
1900,14:24:36,38.34,0.020000000000003126,5,19170.0,бРел
1901,14:24:39,38.32,-0.020000000000003126,1,3832.0,бТел
1902,14:24:42,38.32,0.0,1,3832.0,жпптел
1903,14:24:45,38.36,0.03999999999999915,12,46016.0,бРел
1904,14:24:48,38.3,-0.060000000000002274,5,19154.0,бТел
1905,14:24:57,38.3,0.0,1,4596.0,бТел
1906,14:25:03,38.37,0.07000000000000028,6,23016.0,бРел
1907,14:25:15,38.34,-0.02999999999999403,2,7668.0,бРел
1908,14:25:18,38.31,-0.030000000000001137,3,11493.0,бТел
1909,14:25:24,38.33,0.01999999999999602,1,3833.0,бТел
1910,14:25:39,38.32,-0.00999999999999801,5,19157.0,бТел
1911,14:25:42,38.35,0.030000000000001137,18,69012.0,бРел
1912,14:25:48,38.37,0.01999999999999602,13,49864.0,бРел
1913,14:25:54,38.34,-0.02999999999999403,4,15330.0,жпптел
1914,14:25:57,38.37,0.02999999999999403,3,11511.0,бРел
1915,14:26:00,38.36,-0.00999999999999801,6,23008.0,жпптел
1916,14:26:03,38.34,-0.01999999999999602,1,3834.0,жпптел
1917,14:26:09,38.33,-0.010000000000005116,2,7669.0,жпптел
1918,14:26:15,38.33,0.0,8,30652.0,жпптел
1919,14:26:18,38.33,0.0,1,3833.0,жпптел
1920,14:26:24,38.33,0.0,2,7666.0,бРел
1921,14:26:30,38.33,0.0,1,3833.0,бРел
1922,14:26:33,38.33,0.0,3,11499.0,бРел
1923,14:26:36,38.33,0.0,3,11499.0,бРел
1924,14:26:42,38.36,0.030000000000001137,8,30688.0,бРел
1925,14:26:45,38.32,-0.03999999999999915,5,19166.0,бТел
1926,14:26:51,38.36,0.03999999999999915,3,11508.0,жпптел
1927,14:26:54,38.36,0.0,1,3836.0,жпптел
1928,14:27:03,38.37,0.00999999999999801,4,15348.0,бРел
1929,14:27:12,38.36,-0.00999999999999801,1,3836.0,бТел
1930,14:27:18,38.35,-0.00999999999999801,4,15340.0,бТел
1931,14:27:21,38.35,0.0,3,11505.0,бТел
1932,14:27:30,38.35,0.0,1,3835.0,бРел
1933,14:27:33,38.34,-0.00999999999999801,11,42175.0,бТел
1934,14:27:42,38.36,0.01999999999999602,17,65208.0,бРел
1935,14:27:48,38.36,0.0,4,15344.0,бТел
1936,14:27:51,38.34,-0.01999999999999602,1,3834.0,бТел
1937,14:27:54,38.35,0.00999999999999801,1,3835.0,бТел
1938,14:28:00,38.35,0.0,1,3835.0,бРел
1939,14:28:03,38.36,0.00999999999999801,3,11508.0,бРел
1940,14:28:09,38.3,-0.060000000000002274,50,191552.0,бТел
1941,14:28:15,38.3,0.0,1,3830.0,бТел
1942,14:28:30,38.33,0.030000000000001137,1,3833.0,бТел
1943,14:28:33,38.33,0.0,2,7666.0,бТел
1944,14:28:36,38.33,0.0,1,3833.0,жпптел
1945,14:28:39,38.36,0.030000000000001137,21,80541.0,бРел
1946,14:28:42,38.33,-0.030000000000001137,1,3833.0,жпптел
1947,14:28:48,38.32,-0.00999999999999801,1,3832.0,бТел
1948,14:28:51,38.3,-0.020000000000003126,5,19151.0,бТел
1949,14:28:57,38.35,0.05000000000000426,3,11501.0,бРел
1950,14:29:03,38.35,0.0,3,11505.0,бРел
1951,14:29:06,38.31,-0.03999999999999915,2,7665.0,бТел
1952,14:29:09,38.3,-0.010000000000005116,20,76606.0,бТел
1953,14:29:15,38.31,0.010000000000005116,2,7662.0,бТел
1954,14:29:39,38.34,0.030000000000001137,11,42173.0,бРел
1955,14:29:48,38.31,-0.030000000000001137,1,3831.0,бТел
1956,14:29:51,38.31,0.0,1,3831.0,бРел
1957,14:29:54,38.32,0.00999999999999801,2,7666.0,бТел
1958,14:29:57,38.32,0.0,1,3832.0,бТел
1959,14:30:03,38.34,0.020000000000003126,4,15336.0,бРел
1960,14:30:15,38.34,0.0,10,38340.0,бРел
1961,14:30:18,38.28,-0.060000000000002274,47,180010.59999999404,бТел
1962,14:30:24,38.32,0.03999999999999915,2,7664.0,бРел
1963,14:30:30,38.32,0.0,2,7665.0,жпптел
1964,14:30:33,38.3,-0.020000000000003126,2,7660.0,бРел
1965,14:30:39,38.34,0.04000000000000625,20,76676.0,бРел
1966,14:30:45,38.3,-0.04000000000000625,1,3830.0,бТел
1967,14:30:51,38.29,-0.00999999999999801,1,3829.0,бТел
1968,14:30:54,38.29,0.0,5,19145.0,бРел
1969,14:31:00,38.28,-0.00999999999999801,7,26802.0,бТел
1970,14:31:03,38.29,0.00999999999999801,3,11487.0,бРел
1971,14:31:09,38.28,-0.00999999999999801,6,22968.0,бТел
1972,14:31:12,38.29,0.00999999999999801,5,19145.0,бРел
1973,14:31:33,38.28,-0.00999999999999801,2,7656.0,бТел
1974,14:31:36,38.3,0.01999999999999602,11,42121.0,бРел
1975,14:31:51,38.29,-0.00999999999999801,8,30632.0,бРел
1976,14:31:54,38.33,0.03999999999999915,15,57447.0,бРел
1977,14:31:57,38.29,-0.03999999999999915,3,11495.0,бТел
1978,14:32:00,38.29,0.0,2,7658.0,бТел
1979,14:32:03,38.3,0.00999999999999801,2,7660.0,бРел
1980,14:32:06,38.3,0.0,11,42134.0,жпптел
1981,14:32:12,38.33,0.030000000000001137,16,61307.0,бРел
1982,14:32:24,38.3,-0.030000000000001137,3,11490.0,бТел
1983,14:32:30,38.3,0.0,1,3830.0,бТел
1984,14:32:33,38.3,0.0,1,3830.0,бТел
1985,14:32:36,38.33,0.030000000000001137,10,38328.0,бРел
1986,14:32:42,38.33,0.0,7,26827.0,бРел
1987,14:32:45,38.31,-0.01999999999999602,6,22982.0,жпптел
1988,14:32:51,38.33,0.01999999999999602,29,111137.0,бРел
1989,14:32:57,38.33,0.0,5,19165.0,бРел
1990,14:33:00,38.31,-0.01999999999999602,1,3831.0,бТел
1991,14:33:03,38.31,0.0,1,3831.0,бТел
1992,14:33:06,38.33,0.01999999999999602,3,11499.0,бРел
1993,14:33:12,38.32,-0.00999999999999801,10,38328.0,бТел
1994,14:33:15,38.32,0.0,3,11496.0,бРел
1995,14:33:24,38.32,0.0,1,3832.0,бРел
1996,14:33:27,38.32,0.0,4,15327.0,бРел
1997,14:33:33,38.32,0.0,1,3832.0,бРел
1998,14:33:36,38.33,0.00999999999999801,13,49827.0,бРел
1999,14:33:39,38.32,-0.00999999999999801,2,7664.0,бРел
2000,14:33:42,38.32,0.0,1,3832.0,бРел
2001,14:33:51,38.31,-0.00999999999999801,27,103419.0,бТел
2002,14:33:57,38.3,-0.010000000000005116,1,3830.0,бТел
2003,14:34:03,38.32,0.020000000000003126,5,19156.0,бРел
2004,14:34:06,38.3,-0.020000000000003126,5,19152.0,жпптел
2005,14:34:09,38.3,0.0,13,49810.0,жпптел
2006,14:34:27,38.3,0.0,1,3830.0,бТел
2007,14:34:30,38.3,0.0,2,7660.0,бТел
2008,14:34:33,38.32,0.020000000000003126,7,26819.0,бРел
2009,14:34:36,38.32,0.0,9,34488.0,бТел
2010,14:34:48,38.3,-0.020000000000003126,2,7660.0,бТел
2011,14:35:06,38.3,0.0,6,22984.0,бТел
2012,14:35:18,38.31,0.010000000000005116,17,65127.0,бРел
2013,14:35:21,38.31,0.0,1,3831.0,бТел
2014,14:35:30,38.32,0.00999999999999801,5,19160.0,бРел
2015,14:35:33,38.32,0.0,12,46002.0,бТел
2016,14:35:48,38.33,0.00999999999999801,2,7666.0,бРел
2017,14:36:00,38.32,-0.00999999999999801,2,7664.0,бТел
2018,14:36:03,38.33,0.00999999999999801,3,11499.0,бРел
2019,14:36:06,38.33,0.0,3,11499.0,бРел
2020,14:36:09,38.33,0.0,6,22998.0,бТел
2021,14:36:15,38.33,0.0,7,26831.0,бТел
2022,14:36:18,38.36,0.030000000000001137,46,176382.0,бРел
2023,14:36:21,38.33,-0.030000000000001137,5,19165.0,бТел
2024,14:36:24,38.34,0.010000000000005116,3,11500.0,бРел
2025,14:36:30,38.38,0.03999999999999915,19,72907.0,бРел
2026,14:36:36,38.34,-0.03999999999999915,2,7668.0,бТел
2027,14:36:42,38.34,0.0,4,15336.0,бТел
2028,14:36:48,38.34,0.0,1,3834.0,бТел
2029,14:36:51,38.34,0.0,1,3834.0,бТел
2030,14:36:54,38.34,0.0,2,7668.0,бТел
2031,14:37:03,38.34,0.0,1,3834.0,бТел
2032,14:37:06,38.38,0.03999999999999915,4,15352.0,бРел
2033,14:37:24,38.36,-0.020000000000003126,2,7672.0,бРел
2034,14:37:27,38.38,0.020000000000003126,27,103596.0,бРел
2035,14:37:33,38.38,0.0,4,15352.0,бТел
2036,14:37:39,38.39,0.00999999999999801,5,19195.0,бРел
2037,14:37:51,38.39,0.0,4,15356.0,бРел
2038,14:38:00,38.38,-0.00999999999999801,2,7676.0,бТел
2039,14:38:03,38.39,0.00999999999999801,4,15355.0,бРел
2040,14:38:09,38.38,-0.00999999999999801,1,3838.0,бТел
2041,14:38:15,38.39,0.00999999999999801,17,65263.0,бРел
2042,14:38:18,38.39,0.0,1,3839.0,бРел
2043,14:38:24,38.38,-0.00999999999999801,6,23028.0,бТел
2044,14:38:30,38.42,0.03999999999999915,18,69129.0,бРел
2045,14:38:33,38.38,-0.03999999999999915,1,3838.0,бТел
2046,14:38:36,38.38,0.0,12,46056.0,бТел
2047,14:38:42,38.39,0.00999999999999801,8,30704.59999999404,бРел
2048,14:39:00,38.37,-0.020000000000003126,1,3837.0,бТел
2049,14:39:03,38.37,0.0,1,3837.0,бТел
2050,14:39:09,38.38,0.010000000000005116,4,15352.0,бРел
2051,14:39:15,38.36,-0.020000000000003126,4,15345.0,бТел
2052,14:39:18,38.36,0.0,3,11508.0,бРел
2053,14:39:21,38.37,0.00999999999999801,1,3837.0,бРел
2054,14:39:27,38.35,-0.01999999999999602,1,3835.0,бТел
2055,14:39:30,38.36,0.00999999999999801,11,42195.0,бРел
2056,14:39:33,38.35,-0.00999999999999801,23,88212.0,бТел
2057,14:39:36,38.36,0.00999999999999801,21,80556.0,бРел
2058,14:39:39,38.36,0.0,3,11508.0,бТел
2059,14:39:54,38.38,0.020000000000003126,20,76760.0,бРел
2060,14:39:57,38.38,0.0,1,3838.0,бРел
2061,14:40:00,38.36,-0.020000000000003126,7,26862.0,бТел
2062,14:40:09,38.38,0.020000000000003126,3,11513.60000000894,бРел
2063,14:40:18,38.37,-0.010000000000005116,5,19185.0,бРел
2064,14:40:21,38.37,0.0,6,23022.0,бРел
2065,14:40:27,38.4,0.030000000000001137,4,15354.0,бРел
2066,14:40:33,38.4,0.0,2,7680.0,бТел
2067,14:40:36,38.36,-0.03999999999999915,22,84458.0,бТел
2068,14:40:39,38.36,0.0,5,19181.0,бТел
2069,14:40:45,38.38,0.020000000000003126,1,3838.0,бРел
2070,14:40:51,38.38,0.0,3,11513.0,бРел
2071,14:40:54,38.37,-0.010000000000005116,29,111273.0,бТел
2072,14:41:00,38.37,0.0,2,7674.0,бРел
2073,14:41:06,38.36,-0.00999999999999801,2,7672.0,бТел
2074,14:41:09,38.37,0.00999999999999801,3,11511.0,бРел
2075,14:41:12,38.37,0.0,17,65227.0,бРел
2076,14:41:15,38.38,0.010000000000005116,1,3838.0,бРел
2077,14:41:18,38.37,-0.010000000000005116,4,15348.0,бТел
2078,14:41:27,38.38,0.010000000000005116,8,30703.0,бРел
2079,14:41:33,38.37,-0.010000000000005116,6,23020.0,бТел
2080,14:41:36,38.37,0.0,7,26860.0,бРел
2081,14:41:51,38.38,0.010000000000005116,16,61408.0,бРел
2082,14:42:03,38.38,0.0,1,3838.0,бТел
2083,14:42:09,38.38,0.0,14,53740.0,бТел
2084,14:42:12,38.38,0.0,3,11514.0,бТел
2085,14:42:18,38.37,-0.010000000000005116,5,19185.0,бТел
2086,14:42:21,38.38,0.010000000000005116,1,3838.0,бРел
2087,14:42:24,38.38,0.0,5,19190.0,бРел
2088,14:42:27,38.39,0.00999999999999801,8,32242.20000000298,бРел
2089,14:42:33,38.39,0.0,3,11517.0,бТел
2090,14:42:36,38.39,0.0,2,7678.0,бТел
2091,14:42:39,38.39,0.0,3,11517.0,бТел
2092,14:42:42,38.39,0.0,0,2303.3999999910593,бТел
2093,14:42:45,38.39,0.0,2,7678.0,бРел
2094,14:42:51,38.4,0.00999999999999801,8,30713.60000000894,бРел
2095,14:42:54,38.38,-0.01999999999999602,7,26876.0,бТел
2096,14:42:57,38.4,0.01999999999999602,7,28409.0,бРел
2097,14:43:06,38.4,0.0,3,13824.0,бТел
2098,14:43:09,38.4,0.0,3,11520.0,бРел
2099,14:43:21,38.39,-0.00999999999999801,1,3839.0,бРел
2100,14:43:24,38.4,0.00999999999999801,2,7680.0,бРел
2101,14:43:27,38.42,0.020000000000003126,20,76801.0,бРел
2102,14:43:33,38.39,-0.030000000000001137,5,19195.0,бТел
2103,14:43:36,38.39,0.0,1,3839.0,бТел
2104,14:43:42,38.39,0.0,13,49901.0,бТел
2105,14:43:45,38.38,-0.00999999999999801,8,30709.0,бТел
2106,14:44:03,38.4,0.01999999999999602,1,3840.0,бРел
2107,14:44:06,38.39,-0.00999999999999801,2,7678.0,бТел
2108,14:44:09,38.4,0.00999999999999801,4,15359.0,бРел
2109,14:44:12,38.39,-0.00999999999999801,3,11519.0,жпптел
2110,14:44:15,38.4,0.00999999999999801,8,30720.0,бРел
2111,14:44:18,38.38,-0.01999999999999602,15,57570.0,бТел
2112,14:44:21,38.4,0.01999999999999602,11,42240.0,бРел
2113,14:44:30,38.4,0.0,10,38400.0,бРел
2114,14:44:33,38.4,0.0,2,7680.0,бРел
2115,14:44:39,38.4,0.0,1,3840.0,бРел
2116,14:44:42,38.39,-0.00999999999999801,9,34545.0,бТел
2117,14:44:45,38.4,0.00999999999999801,2,7679.0,бРел
2118,14:44:48,38.38,-0.01999999999999602,2,7678.0,бТел
2119,14:44:51,38.38,0.0,12,46056.0,бТел
2120,14:44:54,38.38,0.0,8,30705.0,бТел
2121,14:45:00,38.4,0.01999999999999602,54,207352.0,бРел
2122,14:45:06,38.39,-0.00999999999999801,1,3839.0,бТел
2123,14:45:09,38.39,0.0,6,23032.0,бРел
2124,14:45:12,38.38,-0.00999999999999801,3,11514.0,жпптел
2125,14:45:15,38.38,0.0,1,3838.0,бРел
2126,14:45:18,38.37,-0.010000000000005116,1,3837.0,бТел
2127,14:45:21,38.39,0.020000000000003126,16,61417.0,бРел
2128,14:45:36,38.36,-0.030000000000001137,9,34532.0,бТел
2129,14:45:42,38.37,0.00999999999999801,1,3837.0,бРел
2130,14:45:45,38.36,-0.00999999999999801,6,23016.0,бТел
2131,14:45:48,38.36,0.0,2,7672.0,бТел
2132,14:45:51,38.36,0.0,13,51095.51999999583,бТел
2133,14:45:54,38.37,0.00999999999999801,2,7674.0,бРел
2134,14:46:00,38.36,-0.00999999999999801,13,52476.48000000417,бТел
2135,14:46:06,38.35,-0.00999999999999801,8,30683.0,бТел
2136,14:46:12,38.36,0.00999999999999801,2,7672.0,бРел
2137,14:46:15,38.35,-0.00999999999999801,1,5369.0,бТел
2138,14:46:18,38.34,-0.00999999999999801,6,25314.19999998808,бТел
2139,14:46:24,38.36,0.01999999999999602,10,38356.0,бРел
2140,14:46:27,38.34,-0.01999999999999602,37,141858.0,бТел
2141,14:46:33,38.34,0.0,6,23004.0,бРел
2142,14:46:39,38.33,-0.010000000000005116,2,7666.0,бТел
2143,14:46:42,38.34,0.010000000000005116,2,7668.0,бРел
2144,14:46:45,38.33,-0.010000000000005116,1,3833.0,бТел
2145,14:46:51,38.33,0.0,1,3833.0,бТел
2146,14:46:57,38.33,0.0,2,7666.0,бРел
2147,14:47:09,38.33,0.0,4,15332.0,бРел
2148,14:47:12,38.33,0.0,1,3833.0,бРел
2149,14:47:15,38.32,-0.00999999999999801,3,11496.0,бТел
2150,14:47:18,38.33,0.00999999999999801,35,134152.0,бРел
2151,14:47:30,38.33,0.0,5,19165.0,бРел
2152,14:47:33,38.32,-0.00999999999999801,2,7664.0,бТел
2153,14:47:39,38.32,0.0,1,3832.0,бРел
2154,14:47:45,38.32,0.0,1,3832.0,бРел
2155,14:47:54,38.31,-0.00999999999999801,1,3831.0,бТел
2156,14:48:03,38.31,0.0,1,3831.0,бТел
2157,14:48:12,38.31,0.0,26,99609.0,бТел
2158,14:48:15,38.3,-0.010000000000005116,26,99601.0,бТел
2159,14:48:18,38.33,0.030000000000001137,20,76627.0,бРел
2160,14:48:33,38.3,-0.030000000000001137,3,11490.0,бТел
2161,14:48:36,38.33,0.030000000000001137,13,49829.0,бРел
2162,14:48:39,38.3,-0.030000000000001137,10,38304.0,бТел
2163,14:48:42,38.3,0.0,2,7660.0,бТел
2164,14:48:45,38.3,0.0,72,275760.0,бТел
2165,14:48:54,38.3,0.0,2,7660.0,бРел
2166,14:48:57,38.29,-0.00999999999999801,2,7658.0,бТел
2167,14:49:03,38.29,0.0,4,15316.0,бТел
2168,14:49:09,38.29,0.0,2,10721.20000000298,бТел
2169,14:49:12,38.3,0.00999999999999801,4,15320.0,бРел
2170,14:49:15,38.28,-0.01999999999999602,6,22969.20000000298,бТел
2171,14:49:21,38.28,0.0,20,76576.0,бТел
2172,14:49:24,38.28,0.0,14,53592.0,бТел
2173,14:49:30,38.27,-0.00999999999999801,1,3827.0,бТел
2174,14:49:33,38.28,0.00999999999999801,11,42103.0,бРел
2175,14:49:39,38.26,-0.020000000000003126,6,22964.0,бТел
2176,14:49:42,38.26,0.0,6,22956.0,бТел
2177,14:49:51,38.27,0.010000000000005116,1,3827.0,бРел
2178,14:49:54,38.26,-0.010000000000005116,1,3826.0,бТел
2179,14:49:57,38.27,0.010000000000005116,7,26789.0,бРел
2180,14:50:00,38.27,0.0,3,11481.0,бТел
2181,14:50:06,38.27,0.0,1,3827.0,бТел
2182,14:50:09,38.29,0.01999999999999602,15,57438.0,бРел
2183,14:50:12,38.28,-0.00999999999999801,4,15314.0,бТел
2184,14:50:18,38.3,0.01999999999999602,21,80430.0,бРел
2185,14:50:21,38.29,-0.00999999999999801,7,26807.0,бТел
2186,14:50:24,38.29,0.0,4,15316.0,бРел
2187,14:50:30,38.28,-0.00999999999999801,5,19144.0,бТел
2188,14:50:33,38.28,0.0,10,38280.0,бТел
2189,14:50:36,38.29,0.00999999999999801,4,15314.0,бРел
2190,14:50:39,38.29,0.0,7,26806.0,бТел
2191,14:50:54,38.3,0.00999999999999801,12,45959.0,бРел
2192,14:51:06,38.3,0.0,4,16864.0,бТел
2193,14:51:12,38.3,0.0,5,19150.0,бТел
2194,14:51:15,38.3,0.0,24,91977.0,бТел
2195,14:51:21,38.3,0.0,5,19150.0,бТел
2196,14:51:24,38.33,0.030000000000001137,1,3833.0,бРел
2197,14:51:33,38.3,-0.030000000000001137,4,15322.0,бТел
2198,14:51:42,38.32,0.020000000000003126,15,59760.20000000298,бРел
2199,14:51:51,38.33,0.00999999999999801,3,11498.59999999404,бРел
2200,14:52:06,38.3,-0.030000000000001137,1,3830.0,бТел
2201,14:52:09,38.31,0.010000000000005116,1,3831.0,бРел
2202,14:52:12,38.3,-0.010000000000005116,3,11490.0,бТел
2203,14:52:15,38.32,0.020000000000003126,15,57468.0,бРел
2204,14:52:18,38.31,-0.00999999999999801,16,61296.0,бТел
2205,14:52:24,38.31,0.0,1,3831.0,бТел
2206,14:52:27,38.3,-0.010000000000005116,8,30643.0,бТел
2207,14:52:30,38.3,0.0,6,22980.0,бРел
2208,14:52:33,38.31,0.010000000000005116,1,3831.0,бТел
2209,14:52:36,38.31,0.0,1,3831.0,бРел
2210,14:52:54,38.3,-0.010000000000005116,15,57456.0,бТел
2211,14:52:57,38.3,0.0,42,160860.0,бТел
2212,14:53:03,38.3,0.0,14,53620.0,бРел
2213,14:53:09,38.29,-0.00999999999999801,3,11488.0,бТел
2214,14:53:12,38.31,0.020000000000003126,10,38306.0,бРел
2215,14:53:18,38.31,0.0,1,3831.0,бРел
2216,14:53:21,38.29,-0.020000000000003126,23,88068.0,бТел
2217,14:53:27,38.28,-0.00999999999999801,5,19140.0,бТел
2218,14:53:33,38.28,0.0,7,28327.20000000298,бТел
2219,14:53:36,38.28,0.0,1,3828.0,бТел
2220,14:53:45,38.28,0.0,28,109501.79999999702,бТел
2221,14:53:51,38.28,0.0,65,248759.0,бРел
2222,14:53:54,38.26,-0.020000000000003126,16,61244.0,бТел
2223,14:53:57,38.28,0.020000000000003126,6,22963.0,бРел
2224,14:54:00,38.28,0.0,3,11483.0,бРел
2225,14:54:12,38.26,-0.020000000000003126,2,7652.0,бТел
2226,14:54:15,38.26,0.0,20,76555.0,бТел
2227,14:54:21,38.26,0.0,21,80366.0,бТел
2228,14:54:24,38.26,0.0,35,133907.0,бТел
2229,14:54:27,38.26,0.0,1,3826.0,бРел
2230,14:54:45,38.25,-0.00999999999999801,57,218025.0,бТел
2231,14:54:48,38.25,0.0,1,3825.0,бРел
2232,14:54:51,38.25,0.0,3,11475.0,бРел
2233,14:54:54,38.25,0.0,3,11475.0,жпптел
2234,14:55:00,38.25,0.0,11,42075.0,бТел
2235,14:55:06,38.25,0.0,2,7650.0,бТел
2236,14:55:09,38.26,0.00999999999999801,5,19129.0,бРел
2237,14:55:12,38.25,-0.00999999999999801,23,87976.0,бТел
2238,14:55:18,38.25,0.0,6,22950.0,бТел
2239,14:55:21,38.26,0.00999999999999801,4,15304.0,бРел
2240,14:55:24,38.25,-0.00999999999999801,26,99450.0,бТел
2241,14:55:30,38.23,-0.020000000000003126,42,160601.0,бТел
2242,14:55:33,38.25,0.020000000000003126,3,11475.0,бРел
2243,14:55:42,38.24,-0.00999999999999801,1,3824.0,бТел
2244,14:55:48,38.23,-0.010000000000005116,73,279084.0,бТел
2245,14:55:54,38.23,0.0,4,15292.0,бТел
2246,14:56:00,38.23,0.0,171,653753.0,бТел
2247,14:56:03,38.23,0.0,14,53522.0,бРел
2248,14:56:06,38.22,-0.00999999999999801,12,45871.0,бТел
2249,14:56:12,38.23,0.00999999999999801,39,149081.0,бРел
2250,14:56:15,38.23,0.0,7,26756.0,бРел
2251,14:56:27,38.23,0.0,7,26761.0,бРел
2252,14:56:30,38.2,-0.02999999999999403,211,806245.9899999946,бТел
2253,14:56:33,38.22,0.01999999999999602,2,7645.0,бТел
2254,14:56:45,38.21,-0.00999999999999801,14,53507.0,бТел
2255,14:56:51,38.2,-0.00999999999999801,17,64944.0,бТел
2256,14:56:54,38.21,0.00999999999999801,51,194821.0,жпптел
2257,14:56:57,38.2,-0.00999999999999801,60,229202.0,бТел
2258,14:57:00,38.2,0.0,3,11460.0,бТел
2259,14:57:03,38.2,0.0,5,19100.0,бТел
2260,15:00:06,38.2,0.0,453,1734241.800000012,бРел
